proj,X,Y,BO21_templtmax_ss,BO21_salinitymean_ss,BO21_icethickmean_ss,BO21_curvelmean_bdmax,BO21_ironmean_bdmax,BO21_phosphatemean_bdmax
proj,1,1,6.99624395370483,29.6207828521729,1.88260316848755,0.117550984025002,0.00285762245766819,0.780037105083466
proj,1,1,-0.81210845708847,29.8662509918213,1.90969705581665,0.131813734769821,0.00292248534969985,0.794867634773254
proj,1,1,6.63380098342896,30.300220489502,1.76228356361389,0.131398811936378,0.00225778133608401,0.776671648025513
proj,1,1,6.832350730896,28.6713237762451,0.483774930238724,0.0626125857234001,0.00226532807573676,0.537560760974884
proj,1,1,2.85616874694824,30.2853927612305,1.77681720256805,0.124983705580235,0.00227387365885079,0.786701560020447
proj,1,1,-0.867691874504089,33.8499298095703,0.145942434668541,0.0213736332952976,0.00138750078622252,0.54009872674942
proj,1,1,3.46328401565552,34.3171691894531,0.0374337881803513,0.086507074534893,0.000762903538998216,0.556778311729431
proj,1,1,7.40000820159912,29.919017791748,0.280176252126694,0.0494833290576935,0.000929724075831473,0.705191254615784
proj,1,1,3.86931276321411,29.7563381195068,1.87294042110443,0.115209251642227,0.00282017420977354,0.773767232894897
proj,1,1,2.04777431488037,29.3531684875488,0.502400100231171,0.0565726682543755,0.00220879609696567,0.534601449966431
proj,1,1,-1.07832372188568,30.2665748596191,0.240996271371841,0.027763307094574,0.00107719074003398,0.791246116161346
proj,1,1,-0.57000607252121,32.4869766235352,0.361766546964645,0,0.00110737979412079,0.909039318561554
proj,1,1,9.60587120056152,31.7129974365234,1.13416576385498,0.334895610809326,0.00185073842294514,1.12147426605225
proj,1,1,2.01566100120544,29.9588470458984,1.89643490314484,0.121451295912266,0.00266320421360433,0.793068885803223
proj,1,1,2.53979182243347,30.5180892944336,0.237566635012627,0.0405924804508686,0.00136722112074494,0.806868374347687
proj,1,1,-1.20093297958374,31.9340133666992,1.04620373249054,0.228947028517723,0.00197119987569749,0.966407358646393
proj,1,1,-0.0204013325273991,29.8577861785889,0.919326782226562,0.0531585589051247,0.00146919034887105,0.860063493251801
proj,1,1,3.05840682983398,30.0712013244629,1.20431292057037,0.0644895508885384,0.00129562732763588,0.94062864780426
proj,1,1,9.43538379669189,30.0663948059082,1.27600204944611,0.0611685812473297,0.00139795476570725,1.06446993350983
proj,1,1,-0.883355498313904,31.6622295379639,0.418285101652145,0.0770319327712059,0.00139354751445353,0.480604499578476
proj,1,1,-1.23250603675842,31.7093048095703,0.267504811286926,0.0666818469762802,0.0010481181088835,0.71623557806015
proj,1,1,-0.787648797035217,30.2997283935547,0.454643815755844,0.0220476035028696,0.00234063318930566,0.822802722454071
proj,1,1,3.23532891273499,31.3529319763184,1.00039398670197,0.00273273861967027,0.00148569128941745,1.15530824661255
proj,1,1,4.60605049133301,31.2561988830566,1.65715932846069,0.309009224176407,0.00206435075961053,0.946558594703674
proj,1,1,11.6628274917603,34.3593521118164,0.148170173168182,0.0501865893602371,0.000818705244455487,0.699158549308777
proj,1,1,2.17754507064819,32.3952140808105,0.477771997451782,0.0753810256719589,0.00267576705664396,0.909808754920959
proj,1,1,-0.694924712181091,31.5233592987061,5.74729919433594,0.01275550480932,0.00142171524930745,0.929256498813629
proj,1,1,-1.22625613212585,31.0184707641602,2.64771628379822,0.00436218967661262,0.00124709762167186,1.0091404914856
proj,1,1,-1.22750604152679,30.0792980194092,0.320792585611343,0.0351008586585522,0.00168230186682194,0.830815613269806
proj,1,1,8.05624389648438,31.7772235870361,0.247821629047394,0.0230801198631525,0.00129855866543949,0.762198865413666
proj,1,1,8.12781524658203,29.1445350646973,0.430900067090988,0.144545570015907,0.00113495788536966,0.666047275066376
proj,1,1,-1.24574530124664,31.5601234436035,3.55885648727417,0.0308392886072397,0.0013949372805655,0.954839587211609
proj,1,1,-0.777769327163696,31.5330295562744,3.27744483947754,0.0264083985239267,0.0013866713270545,0.961647689342499
proj,1,1,8.91368389129639,31.4978790283203,3.13712930679321,0.0156655721366405,0.00155354070011526,1.00347256660461
proj,1,1,-1.18201899528503,31.6179485321045,0.242241472005844,0.0195548981428146,0.00130372412968427,0.628360509872437
proj,1,1,-1.24634790420532,26.8287162780762,0.709837019443512,0.0528664961457253,0.00308041833341122,0.486962199211121
proj,1,1,-1.04155039787292,28.1990013122559,0.729478418827057,0.101852670311928,0.00278157158754766,0.495543211698532
proj,1,1,3.97374391555786,17.7461929321289,0.795225918292999,0.0168103277683258,0.00621685152873397,0.181189864873886
proj,1,1,9.43482303619385,31.1904373168945,0.421863883733749,0.0128275062888861,0.00231593195348978,0.632149577140808
proj,1,1,-1.23164284229279,29.4847507476807,0.895742237567902,0.0401393286883831,0.00138673966284841,0.848463833332062
proj,1,1,-0.00208335439674556,32.1145248413086,0.363169074058533,0.0655290260910988,0.00180347764398903,0.617301344871521
proj,1,1,4.44724035263062,32.162654876709,0.350549638271332,0.0502398200333118,0.00148384482599795,0.728747308254242
proj,1,1,1.74921190738678,31.5146007537842,0.367850750684738,0.0893745198845863,0.00244332477450371,0.560930192470551
proj,1,1,6.0876989364624,29.1133785247803,0.724571526050568,0.0313770025968552,0.00160973623860627,0.92314338684082
proj,1,1,-0.866256058216095,30.056770324707,1.17580258846283,0.100833013653755,0.00123691721819341,0.844483971595764
proj,1,1,-1.03657138347626,30.0688247680664,1.19933235645294,0.0826771780848503,0.00123245920985937,0.897725224494934
proj,1,1,0.414568841457367,31.0738391876221,1.32591009140015,0.0248313304036856,0.00220690295100212,1.0125218629837
proj,1,1,-1.08303987979889,28.1497039794922,0.566356539726257,0.0152791114524007,0.00201063277199864,0.593067348003387
proj,1,1,-0.836665689945221,31.5546722412109,2.43193531036377,0.00785424932837486,0.00212187599390745,1.01723051071167
proj,1,1,8.48363590240479,28.7846908569336,0.96346527338028,0.00896608829498291,0.0023271469399333,1.07443976402283
proj,1,1,1.52534902095795,28.1892642974854,0.552481114864349,0.0369011871516705,0.00270714005455375,0.827263474464417
proj,1,1,6.24193143844604,22.296667098999,0.745712399482727,0.0168343540281057,0.00468070851638913,0.372475773096085
proj,1,1,7.09451723098755,31.533224105835,1.76771628856659,0.225497454404831,0.00162652798462659,0.96002209186554
proj,1,1,-1.07010519504547,31.4160900115967,1.4022628068924,0.0333180874586105,0.00188042467925698,0.732794284820557
proj,1,1,0.54902571439743,31.0522003173828,1.25771820545197,0.0651886612176895,0.00203800015151501,0.974844574928284
proj,1,1,-1.19204246997833,31.5660018920898,1.73793733119965,0.0192510467022657,0.00194117298815399,0.992187559604645
proj,1,1,-1.26938796043396,31.3403987884521,0.948981702327728,0.00560303451493382,0.00152822816744447,1.27666032314301
proj,1,1,7.13070487976074,27.5494155883789,0.763166606426239,0.0123464865610003,0.00386186898685992,0.539402425289154
proj,1,1,-1.09000611305237,31.6371269226074,2.03969287872314,0.0291394162923098,0.00179377268068492,0.889894127845764
proj,1,1,-0.952289462089539,29.9507827758789,0.804650902748108,0.0402058400213718,0.00189922435674816,0.590439856052399
proj,1,1,-1.14500606060028,29.5020084381104,0.896187901496887,0.0514638908207417,0.00129506550729275,0.753792464733124
proj,1,1,-1.16438186168671,30.5835094451904,1.75720858573914,0.0479431487619877,0.00178711558692157,0.978192090988159
proj,1,1,5.69316911697388,31.1984367370605,3.9651141166687,0.00555180758237839,0.00171145156491548,1.02192604541779
proj,1,1,6.31191062927246,31.385669708252,2.38291001319885,0.0431106016039848,0.00185683229938149,0.989304542541504
proj,1,1,7.08999395370483,30.9762363433838,2.6407585144043,0.0540530122816563,0.00130322272889316,0.829335868358612
proj,1,1,9.61801052093506,31.374719619751,2.18951630592346,0.256639331579208,0.00187587703112513,0.994492888450623
proj,1,1,13.2371625900269,31.4155025482178,0.996193528175354,0.026678953319788,0.00133620866108686,0.958590686321259
proj,1,1,-1.03482592105865,31.5821189880371,2.39748764038086,0.0227835308760405,0.00138272589538246,0.972269415855408
proj,1,1,11.4097948074341,31.6994953155518,2.14228415489197,0.00615385314449668,0.00116747408173978,0.88138622045517
proj,1,1,-0.995668232440948,31.5252857208252,1.77869832515717,0.00612471159547567,0.00100774830207229,0.785636007785797
proj,1,1,3.58014893531799,31.6393394470215,3.56788778305054,0.0123509904369712,0.00100852234754711,1.19001471996307
proj,1,1,10.1599941253662,31.8565921783447,5.82354736328125,0.00819526147097349,0.00118219514843076,0.887055993080139
proj,1,1,-1.0276643037796,31.5328598022461,2.26457643508911,0.00681176409125328,0.00151376670692116,0.894489228725433
proj,1,1,0.436446279287338,31.3571891784668,2.38763070106506,0.00173936469946057,0.00075174547964707,0.82225239276886
proj,1,1,-1.177818775177,31.5341281890869,2.31141400337219,0.112656205892563,0.00141102424822748,0.890983700752258
proj,1,1,-0.589178740978241,31.5057392120361,2.62832975387573,0,0.00210675736889243,1.03031992912292
proj,1,1,4.39230680465698,27.4856948852539,0.792281270027161,0.0223909225314856,0.00343715446069837,0.500607907772064
proj,1,1,-0.629223346710205,30.1361656188965,0.639189779758453,0.00955391861498356,0.00118967052549124,1.12098860740662
proj,1,1,-1.02734971046448,29.6648120880127,0.341117024421692,0.0888237357139587,0.00133292598184198,0.552160680294037
proj,1,1,2.27545642852783,31.4198799133301,0.555821537971497,0.0440096892416477,0.00122645846568048,0.762518882751465
proj,1,1,-1.07421743869781,30.2914600372314,0.241369292140007,0.0427464209496975,0.000911152805201709,0.67317795753479
proj,1,1,-0.675113618373871,31.2058811187744,0.761731266975403,0.0771661698818207,0.00102263502776623,0.689622640609741
proj,1,1,-1.14241445064545,31.5054550170898,0.352985233068466,0.0811395794153214,0.00261971377767622,0.616888642311096
proj,1,1,8.43616390228271,31.142297744751,0.432007938623428,0.12140179425478,0.00215179659426212,0.665397644042969
proj,1,1,5.39499425888062,31.1306133270264,0.433612585067749,0.0146570634096861,0.00183972553350031,0.828670024871826
proj,1,1,-1.13968825340271,30.9259052276611,0.479997009038925,0.0400812029838562,0.00174104131292552,0.921593964099884
proj,1,1,5.16481876373291,30.9035606384277,0.521563351154327,0.041541051119566,0.00109775608871132,0.749142110347748
proj,1,1,-0.915951728820801,31.5432643890381,0.511619210243225,0.0444116294384003,0.00121800357010216,0.780188500881195
proj,1,1,3.61659240722656,31.2644882202148,0.441505461931229,0.0870627984404564,0.00121775118168443,0.575466096401215
proj,1,1,-0.59678989648819,30.540470123291,0.4454665184021,0.0266176927834749,0.00195332360453904,0.926564455032349
proj,1,1,-1.10125613212585,31.0972995758057,0.440512716770172,0.0193376895040274,0.00269729667343199,0.673853874206543
proj,1,1,-0.00827756803482771,31.0707054138184,0.444609463214874,0.0574316196143627,0.00266560446470976,0.7364701628685
proj,1,1,9.08405208587646,31.1452522277832,0.439988136291504,0.023388659581542,0.00278125214390457,0.697954416275024
proj,1,1,9.77676582336426,30.3925323486328,0.738501846790314,0.054146084934473,0.0010521812364459,0.910250008106232
proj,1,1,9.88102722167969,34.8148002624512,0.0862438678741455,0.173779964447021,0.000813770166132599,0.702268898487091
proj,1,1,-1.26875603199005,34.7387886047363,0.0883014276623726,0.0348219014704227,0.000970088702160865,0.673116087913513
proj,1,1,7.17388963699341,25.0942611694336,0.289407432079315,0.0403776876628399,0.00125659327022731,0.680018126964569
proj,1,1,2.33319711685181,24.8974704742432,0.286526739597321,0.0345432907342911,0.00133503857068717,0.591620147228241
proj,1,1,2.74874377250671,24.8393611907959,0.288074523210526,0.0431282594799995,0.00138776784297079,0.573137700557709
proj,1,1,-1.26855301856995,31.324047088623,0.911152243614197,0.00679095275700092,0.00148428010288626,1.15586316585541
proj,1,1,5.55749368667603,32.0373268127441,3.57321786880493,0.00446637999266386,0.000655595329590142,1.03336322307587
proj,1,1,-1.08155405521393,32.1164283752441,3.57185173034668,0.0045967479236424,0.000655596028082073,1.03336358070374
proj,1,1,3.19014716148376,32.2115898132324,3.47888851165771,0.00412647565826774,0.000653272494673729,1.03275859355927
proj,1,1,0.973108172416687,32.0700759887695,3.46405506134033,0.00449624285101891,0.000649495515972376,1.02765202522278
proj,1,1,-1.04704058170319,32.0564346313477,3.46375203132629,0.00402019685134292,0.000649530731607229,1.02726483345032
proj,1,1,-0.107658132910728,31.9489078521729,3.47151899337769,0.00311716366559267,0.000661241298075765,1.02440083026886
proj,1,1,3.20771074295044,31.9013061523438,3.58814644813538,0.00621788203716278,0.00065060070483014,1.0326052904129
proj,1,1,0.478248000144958,32.1078262329102,3.56616973876953,0.00442048721015453,0.000655596610158682,1.0333639383316
proj,1,1,-1.27195084095001,32.1804008483887,3.47304081916809,0.0039964304305613,0.000650573114398867,1.03109753131866
proj,1,1,3.91667032241821,32.126350402832,3.45669913291931,0.00546091794967651,0.000649189983960241,1.02898156642914
proj,1,1,-1.14875602722168,32.1062965393066,3.45526003837585,0.00566993001848459,0.000649847846943885,1.02832925319672
proj,1,1,-1.05091774463654,31.9653701782227,3.47027516365051,0.00302691594697535,0.000646326225250959,1.02638339996338
proj,1,1,0.0878715664148331,32.1104850769043,3.59206008911133,0.00432760547846556,0.00064482883317396,1.03253245353699
proj,1,1,-0.754953980445862,31.8656845092773,3.55497097969055,0.00495360046625137,0.00065017124870792,1.0303156375885
proj,1,1,0.161839842796326,31.92112159729,3.6422758102417,0.00570916058495641,0.000648229499347508,1.03238248825073
proj,1,1,1.57431149482727,32.1828689575195,3.42393159866333,0.00621554860845208,0.000650666072033346,1.03129184246063
proj,1,1,-1.00187563896179,31.7947540283203,3.56712985038757,0.00259506586007774,0.000653126859106123,1.02971136569977
proj,1,1,3.56113052368164,31.9183101654053,3.67867803573608,0.00453791068866849,0.000644220563117415,1.03214955329895
proj,1,1,-0.136482208967209,32.3014602661133,3.51992321014404,0.00684051495045424,0.000647638167720288,1.03340530395508
proj,1,1,4.59659194946289,32.2717819213867,3.39728879928589,0.00813915207982063,0.000650508794933558,1.03152179718018
proj,1,1,-1.14766120910645,31.9623527526855,3.37883758544922,0.00528270797803998,0.000651870563160628,1.0255047082901
proj,1,1,-1.05581104755402,31.6553764343262,3.57590174674988,0.0025045967195183,0.000650648202281445,1.03019404411316
proj,1,1,-1.26922130584717,31.6835632324219,3.67142176628113,0.00446465611457825,0.000647432694677263,1.03155589103699
proj,1,1,7.79370927810669,32.0678215026855,3.33442687988281,0.00636449456214905,0.000649775203783065,1.02698338031769
proj,1,1,-1.25220060348511,31.9828300476074,3.34807634353638,0.00522460183128715,0.000650638423394412,1.0262565612793
proj,1,1,12.6772842407227,31.723237991333,3.74159479141235,0.00269737048074603,0.000640232232399285,1.03099393844604
proj,1,1,4.89517068862915,32.1218223571777,3.74361205101013,0.00598746864125133,0.000644720275886357,1.03251314163208
proj,1,1,-0.951784014701843,31.5587501525879,3.59579825401306,0.0104241166263819,0.000668673717882484,1.02617430686951
proj,1,1,-0.88661777973175,31.5838508605957,3.60866641998291,0.00837111659348011,0.000657993194181472,1.02511060237885
proj,1,1,1.62091493606567,31.6207847595215,3.72534513473511,0.00903579220175743,0.00065503129735589,1.0265599489212
proj,1,1,1.87442302703857,31.623420715332,3.77264738082886,0.0104190232232213,0.000654278032016009,1.02423393726349
proj,1,1,13.8166666030884,32.174259185791,3.75659251213074,0.00521551258862019,0.000644976331386715,1.03259098529816
proj,1,1,-1.12125611305237,32.4907913208008,3.48319315910339,0.00848308857530355,0.000647137581836432,1.03310775756836
proj,1,1,3.69478487968445,31.7112655639648,3.37544369697571,0.00279216328635812,0.00065956823527813,1.02548396587372
proj,1,1,-0.864866256713867,32.1953239440918,3.77774953842163,0.00459263334050775,0.000645182037260383,1.0326817035675
proj,1,1,9.14461517333984,31.7959651947021,3.29909563064575,0.00629003392532468,0.000655637471936643,1.02456474304199
proj,1,1,10.6766195297241,31.8107624053955,3.92017507553101,0.00558116612955928,0.000634276831988245,1.02942657470703
proj,1,1,1.92986440658569,31.8278026580811,3.26482057571411,0.00731409806758165,0.000654052419122308,1.02482104301453
proj,1,1,-1.13746929168701,31.5150184631348,3.43101596832275,0.00837951153516769,0.000671764893922955,1.0253359079361
proj,1,1,-1.08656883239746,31.9874248504639,3.91136622428894,0.0101019646972418,0.000632041308563203,1.03306174278259
proj,1,1,-1.08814287185669,32.1596870422363,3.85291624069214,0.00317156501114368,0.000644998042844236,1.03259575366974
proj,1,1,-0.812101662158966,32.500862121582,3.67277455329895,0.00990352593362331,0.000655598705634475,1.03336536884308
proj,1,1,-0.713756084442139,32.6142120361328,3.19603729248047,0.0154927931725979,0.000649891735520214,1.03008568286896
proj,1,1,-1.17610704898834,32.4798164367676,3.19076752662659,0.0125071201473475,0.000649518682621419,1.02835309505463
proj,1,1,6.83242797851562,31.4542827606201,3.42718601226807,0.0114650530740619,0.000645281572360545,1.02411985397339
proj,1,1,4.5789008140564,31.4208126068115,3.9345850944519,0.0102474428713322,0.000665175728499889,1.00385403633118
proj,1,1,3.59261655807495,31.5428009033203,4.01239967346191,0.011278685182333,0.000672668509650975,0.912540018558502
proj,1,1,3.63230204582214,31.5040893554688,3.30607438087463,0.0102596404030919,0.000634290219750255,1.02834630012512
proj,1,1,-1.07808518409729,31.3297500610352,3.72877049446106,0.0111336493864655,0.000647494161967188,1.02421653270721
proj,1,1,3.07550716400146,31.6065139770508,4.08405590057373,0.00363735691644251,0.000680076831486076,0.92349636554718
proj,1,1,6.60503149032593,31.8662433624268,4.03568267822266,0.0131549658253789,0.000636305194348097,1.02830147743225
proj,1,1,-0.703884959220886,31.2710456848145,3.54314517974854,0.0242592431604862,0.000652488262858242,1.01328778266907
proj,1,1,7.77964162826538,31.4214477539062,4.04428386688232,0.0075318687595427,0.000656325777526945,1.02442705631256
proj,1,1,3.77743029594421,31.4270877838135,4.06337022781372,0.0135763566941023,0.000656199874356389,1.02314066886902
proj,1,1,-0.585672378540039,31.555871963501,4.12891054153442,0.00991992931813002,0.000683905964251608,0.974686801433563
proj,1,1,-0.700608551502228,32.0298309326172,3.98653125762939,0.0108612105250359,0.000635523465462029,1.02764856815338
proj,1,1,-0.270931720733643,32.5342140197754,3.74582386016846,0.00801668781787157,0.000655598356388509,1.0333651304245
proj,1,1,5.37689685821533,32.9088821411133,3.24232363700867,0.015939224511385,0.000651425449177623,1.03231573104858
proj,1,1,7.77926301956177,31.5363273620605,3.25215530395508,0.0199439954012632,0.000631396716926247,1.02392303943634
proj,1,1,-1.26703643798828,31.5172863006592,4.17030334472656,0.00800625886768103,0.000683754275087267,0.974667727947235
proj,1,1,7.92574071884155,33.0560684204102,3.11162662506104,0.0140263848006725,0.000650508562102914,1.0315146446228
proj,1,1,5.55528831481934,32.9783592224121,3.08304524421692,0.00916650984436274,0.000650104600936174,1.02966392040253
proj,1,1,-1.095006108284,31.7640266418457,3.16377949714661,0.00726604275405407,0.000654366507660598,1.02479374408722
proj,1,1,6.48884153366089,31.3497142791748,3.28241610527039,0.0225073006004095,0.000640571699477732,1.0253438949585
proj,1,1,10.45237159729,31.3818511962891,4.13840579986572,0.005569270811975,0.000638871337287128,1.03238391876221
proj,1,1,0.668831467628479,31.43776512146,4.20657825469971,0.0135537870228291,0.000648853252641857,1.02494871616364
proj,1,1,-1.26183915138245,31.8771820068359,4.1226692199707,0.00469370326027274,0.00063105981098488,1.03092741966248
proj,1,1,-0.67769992351532,33.0381813049316,3.05734515190125,0.0137859005481005,0.000649906287435442,1.03070795536041
proj,1,1,-1.21909022331238,31.233097076416,3.40231919288635,0.0432348363101482,0.000651472189929336,1.00468277931213
proj,1,1,10.7848663330078,31.5427379608154,4.27775001525879,0.00332881882786751,0.000689249136485159,0.984266638755798
proj,1,1,1.764728307724,33.0287399291992,3.03247833251953,0.0112914750352502,0.000650157278869301,1.02960300445557
proj,1,1,9.39999389648438,31.2630062103271,3.87631893157959,0.00379813625477254,0.000671182235237211,1.04060328006744
proj,1,1,-1.32944989204407,32.0916061401367,4.06327247619629,0.00434003537520766,0.000640280428342521,1.03320014476776
proj,1,1,11.0640630722046,32.2487907409668,3.98302626609802,0.00492597324773669,0.000641048012766987,1.03358554840088
proj,1,1,13.9304504394531,33.1771392822266,3.07090377807617,0.0159847214818001,0.000650910718832165,1.03173398971558
proj,1,1,-0.576530575752258,31.1930236816406,3.63884425163269,0.0058437273837626,0.000674784649163485,1.02481949329376
proj,1,1,8.68374347686768,31.2942008972168,4.01623582839966,0.00277527491562068,0.000667434651404619,1.03797459602356
proj,1,1,3.79593181610107,32.7589950561523,3.76392555236816,0.00954670272767544,0.000655596901196986,1.03336358070374
proj,1,1,-0.585719466209412,32.9908790588379,3.56530833244324,0.016339024528861,0.000654494157060981,1.03323209285736
proj,1,1,9.48499393463135,32.6151962280273,2.98001265525818,0.0147087452933192,0.000649100984446704,1.02685034275055
proj,1,1,3.16374373435974,32.6150665283203,2.98000431060791,0.0146196475252509,0.0006490892264992,1.02679288387299
proj,1,1,-1.09453535079956,31.1887264251709,3.28005623817444,0.00718094548210502,0.000642822356894612,1.0249103307724
proj,1,1,0.370609164237976,31.2055110931396,3.70188283920288,0.00413989601656795,0.000671356217935681,1.02565622329712
proj,1,1,-0.623067259788513,31.3715000152588,4.36090803146362,0.010151568800211,0.00065819441806525,1.02999377250671
proj,1,1,4.79473495483398,31.3913555145264,4.42602825164795,0.00913988053798676,0.000655804120469838,1.02367413043976
proj,1,1,-0.21374973654747,31.6473331451416,4.37756490707397,0.0161990020424128,0.00069584371522069,0.925707995891571
proj,1,1,-1.27250611782074,31.7000274658203,4.33534860610962,0.00656997039914131,0.000699297233950347,0.91120445728302
proj,1,1,9.67499351501465,31.939769744873,4.18456792831421,0.00612357398495078,0.000634874391835183,1.03143501281738
proj,1,1,4.19351863861084,33.0556564331055,2.94255924224854,0.0102186007425189,0.000648528279270977,1.02863454818726
proj,1,1,-1.27029287815094,32.9374084472656,2.9515118598938,0.0110999699681997,0.000649183290079236,1.02810060977936
proj,1,1,-0.965825915336609,32.2153511047363,2.99102663993835,0.0120966490358114,0.000650640518870205,1.02587628364563
proj,1,1,-0.953483283519745,32.1514739990234,2.99587845802307,0.0112962638959289,0.000650828354991972,1.02583122253418
proj,1,1,8.20528602600098,31.1198959350586,3.35003733634949,0.00497295334935188,0.000673804781399667,1.02478575706482
proj,1,1,-1.1654337644577,32.5656929016113,2.93611359596252,0.0100538060069084,0.000649415305815637,1.02641785144806
proj,1,1,2.58246779441833,32.361400604248,2.95399069786072,0.0122528532519937,0.000649911526124924,1.02628064155579
proj,1,1,9.55624389648438,31.7110233306885,4.40393161773682,0.0191285274922848,0.000676643976476043,0.957619071006775
proj,1,1,4.05767631530762,33.3066787719727,2.92134284973145,0.0144338002428412,0.00065050640841946,1.03171992301941
proj,1,1,-1.11000609397888,32.8715515136719,2.89275002479553,0.0153445424512029,0.000648947898298502,1.02729284763336
proj,1,1,0.881887257099152,31.307933807373,4.20029354095459,0.00255572912283242,0.000661271973513067,1.02763199806213
proj,1,1,-1.0944619178772,31.3164920806885,4.26284885406494,0.00316665018908679,0.000661414291244,1.02934181690216
proj,1,1,2.45855951309204,31.3408203125,4.46678447723389,0.00120520370546728,0.00065858248854056,1.03505992889404
proj,1,1,3.50828456878662,33.0566673278809,2.86334466934204,0.0126250358298421,0.000649065186735243,1.02844107151031
proj,1,1,9.9818115234375,32.8044776916504,2.87568235397339,0.0118824327364564,0.000648971297778189,1.02713692188263
proj,1,1,-1.23498785495758,31.1117534637451,3.40524554252625,0.0052724527195096,0.000673108210321516,1.02507770061493
proj,1,1,-1.20283401012421,31.5956058502197,4.52360773086548,0.0162453446537256,0.000692955334670842,0.93207859992981
proj,1,1,2.51279544830322,32.9645576477051,3.84432625770569,0.0117583703249693,0.000655607611406595,1.03331410884857
proj,1,1,6.88237571716309,33.4049987792969,2.8556866645813,0.0124273812398314,0.000650452158879489,1.03215634822845
proj,1,1,-1.19437408447266,32.4809417724609,2.88337922096252,0.0141601487994194,0.000649751455057412,1.02602624893188
proj,1,1,7.96311473846436,31.4578247070312,3.04831337928772,0.0113096386194229,0.00063810043502599,0.999297320842743
proj,1,1,2.87378787994385,31.142032623291,3.15705704689026,0.0266176890581846,0.000646622385829687,1.02704799175262
proj,1,1,3.67253351211548,31.3471012115479,4.67640972137451,0.00217251316644251,0.000660177378449589,1.03056490421295
proj,1,1,-1.09698498249054,33.316837310791,2.79355549812317,0.0094909705221653,0.00064982270123437,1.03011202812195
proj,1,1,-1.24344670772552,32.1134910583496,2.90414834022522,0.00731057813391089,0.000651191570796072,1.0256655216217
proj,1,1,-1.20294535160065,31.3852157592773,4.80682182312012,0.00519771222025156,0.000640509300865233,1.02887916564941
proj,1,1,-0.124697275459766,31.4114627838135,4.79913711547852,0.00362354354001582,0.000689365901052952,0.932099282741547
proj,1,1,2.88134050369263,31.485502243042,4.69632148742676,0.0118084736168385,0.000695605238433927,0.93742173910141
proj,1,1,7.44834089279175,31.5537433624268,4.60546445846558,0.0126759242266417,0.000691835884936154,0.935756742954254
proj,1,1,-1.04969239234924,32.9114303588867,2.79902315139771,0.00973106455057859,0.000648613320663571,1.02680969238281
proj,1,1,-0.741477847099304,31.3065757751465,3.98080515861511,0.00399500923231244,0.000649207911919802,1.02374112606049
proj,1,1,3.25731372833252,31.3075160980225,4.3563175201416,0.00162405450828373,0.000649783294647932,1.02434003353119
proj,1,1,-1.01965367794037,31.3520603179932,4.7459454536438,0.00309456116519868,0.000660130404867232,1.03233683109283
proj,1,1,2.76264619827271,33.5222663879395,3.17151761054993,0.0119939614087343,0.000652069807983935,1.03313314914703
proj,1,1,-1.08766222000122,31.3163890838623,4.45791959762573,0.00115315208677202,0.000653037743177265,1.02408063411713
proj,1,1,6.90088129043579,33.5756568908691,3.55853319168091,0.0147714959457517,0.000654222269076854,1.0331552028656
proj,1,1,7.21131944656372,32.9043312072754,2.72228717803955,0.0114764058962464,0.000648669025395066,1.02682900428772
proj,1,1,-1.04406654834747,32.3136596679688,2.81018114089966,0.0168050732463598,0.000650847388897091,1.02524292469025
proj,1,1,9.95742797851562,31.6636085510254,2.93574237823486,0.00619829352945089,0.000629915331955999,1.02610039710999
proj,1,1,-0.256860166788101,32.7074813842773,4.16786956787109,0.00689539406448603,0.000648446555715054,1.03404581546783
proj,1,1,-1.15978503227234,31.4310111999512,2.96394324302673,0.00545584596693516,0.000630568130873144,1.02783739566803
proj,1,1,1.51455080509186,31.0412273406982,3.09577798843384,0.0194465462118387,0.000646535423584282,1.01987159252167
proj,1,1,9.32624626159668,31.3368377685547,4.18847465515137,0.0024249735288322,0.000650970148853958,1.0239269733429
proj,1,1,0.757983326911926,31.3755111694336,4.94643783569336,0.00257579958997667,0.000654546660371125,1.0242486000061
proj,1,1,-0.821676015853882,31.4059505462646,5.01324653625488,0.00280586420558393,0.000711270491592586,0.988075613975525
proj,1,1,14.0035190582275,33.6159553527832,3.68801212310791,0.0100592486560345,0.000654448114801198,1.03326940536499
proj,1,1,10.0257120132446,33.6821060180664,3.36704468727112,0.0143596632406116,0.000653350842185318,1.03301894664764
proj,1,1,-1.08884847164154,33.6766395568848,3.30807948112488,0.0136291785165668,0.000652876798994839,1.03316140174866
proj,1,1,-0.985384702682495,33.6748733520508,3.18338847160339,0.0133789051324129,0.000652248389087617,1.03316342830658
proj,1,1,12.4723224639893,33.6671485900879,2.83593320846558,0.0165098533034325,0.000651001231744885,1.03187668323517
proj,1,1,-0.791113257408142,32.8925285339355,2.68636727333069,0.0133337024599314,0.000648582528810948,1.02677011489868
proj,1,1,-1.20249629020691,31.6952304840088,2.90019202232361,0.0104171745479107,0.000629644026048481,1.02912676334381
proj,1,1,-1.30485820770264,33.7020721435547,3.07111001014709,0.0138469971716404,0.0006476542330347,1.03344142436981
proj,1,1,-0.815682053565979,32.2051620483398,2.76675152778625,0.0131960390135646,0.000651400012429804,1.02489578723907
proj,1,1,-0.722567200660706,31.4184761047363,5.15054655075073,0.00912932306528091,0.000663968501612544,1.01693546772003
proj,1,1,0.637493908405304,31.8907279968262,4.64938926696777,0.00319208274595439,0.000634130730759352,1.03383231163025
proj,1,1,7.14749383926392,33.779541015625,3.34568214416504,0.0109198996797204,0.00065316166728735,1.03306365013123
proj,1,1,-1.08750605583191,33.7316551208496,2.62370014190674,0.00658357562497258,0.000643084000330418,1.02818977832794
proj,1,1,5.74206781387329,32.3488464355469,2.71035695075989,0.0149166323244572,0.000650197500362992,1.02506947517395
proj,1,1,3.99663424491882,31.4584331512451,5.2935266494751,0.00195993343368173,0.000660609977785498,1.02308464050293
proj,1,1,-1.13789701461792,32.757453918457,2.63447093963623,0.0114114163443446,0.000648564426228404,1.02647197246552
proj,1,1,0.133764907717705,32.6938247680664,2.64434862136841,0.0114578139036894,0.000648868794087321,1.02615010738373
proj,1,1,-0.114698745310307,31.3623332977295,4.89169216156006,0.00167569506447762,0.000652910792268813,1.0233039855957
proj,1,1,4.53907871246338,31.3930110931396,5.15857791900635,0.0053000277839601,0.00065730488859117,1.02129733562469
proj,1,1,9.01749324798584,31.5753021240234,4.87891864776611,0.024131815880537,0.000664550345391035,0.964175581932068
proj,1,1,3.0694375038147,33.5418548583984,3.99723243713379,0.0108817927539349,0.000655196257866919,1.03330993652344
proj,1,1,0.559993863105774,33.8244018554688,2.86352872848511,0.0144710270687938,0.000651245121844113,1.03228664398193
proj,1,1,4.5351619720459,33.766357421875,2.58842849731445,0.00628903601318598,0.000638260622508824,1.02768421173096
proj,1,1,-1.18750607967377,32.6213645935059,2.63033080101013,0.0100472830235958,0.000648888992145658,1.02573680877686
proj,1,1,8.12067222595215,32.379451751709,2.67409753799438,0.012382217682898,0.000649863679427654,1.02501022815704
proj,1,1,-1.22484409809113,30.9504776000977,3.06234288215637,0.0158516392111778,0.000671969843097031,0.956243395805359
proj,1,1,-1.36694467067719,31.504602432251,5.40251016616821,0.00170620169956237,0.000659929180983454,1.02302014827728
proj,1,1,12.6199607849121,33.8250160217285,3.30946588516235,0.00655416818335652,0.000652842922136188,1.03327691555023
proj,1,1,2.00124382972717,31.3998527526855,4.25163125991821,0.00547311408445239,0.000650933594442904,1.02448511123657
proj,1,1,-0.540557861328125,31.5114459991455,5.35498762130737,0.00382833555340767,0.000661748519632965,1.02440476417542
proj,1,1,5.53466749191284,33.9013442993164,2.68724703788757,0.00302739813923836,0.000641980732325464,1.02907633781433
proj,1,1,-0.99000608921051,31.9486675262451,2.75787043571472,0.018789678812027,0.000653346301987767,1.02422547340393
proj,1,1,-1.19656217098236,31.4381980895996,5.34085321426392,0.00336929247714579,0.000651891750749201,1.02611553668976
proj,1,1,-1.34782338142395,31.3444957733154,5.24605274200439,0.00563865248113871,0.000683656777255237,1.01201891899109
proj,1,1,4.00633478164673,31.9020252227783,4.79396200180054,0.00329395523294806,0.000637602410279214,1.03402674198151
proj,1,1,-1.21093237400055,33.9298095703125,2.68395256996155,0.00710325641557574,0.000642263796180487,1.02913248538971
proj,1,1,9.94049072265625,32.4978065490723,2.58353543281555,0.00405391491949558,0.000648917397484183,1.02545034885406
proj,1,1,6.01418876647949,31.4900283813477,5.45520782470703,0.00188691355288029,0.000703651050571352,1.01949906349182
proj,1,1,6.3028621673584,31.4497604370117,5.08602619171143,0.0122144827619195,0.000686734216287732,0.873942315578461
proj,1,1,-0.447879791259766,33.8689727783203,3.15054130554199,0.00568919209763408,0.000652295479085296,1.03398323059082
proj,1,1,-1.0714123249054,32.1778106689453,2.60488080978394,0.0141474958509207,0.000650483707431704,1.02446687221527
proj,1,1,8.89249324798584,31.2622299194336,3.45640468597412,0.0110925370827317,0.000673870323225856,1.02503502368927
proj,1,1,7.15417671203613,31.4162673950195,4.00599813461304,0.00320520368404686,0.000657809199765325,1.02880001068115
proj,1,1,8.43509769439697,33.1295852661133,2.46643114089966,0.00408274261280894,0.000632062321528792,1.02748227119446
proj,1,1,3.91064763069153,32.480770111084,2.52227330207825,0.00767689337953925,0.000648598012048751,1.02594268321991
proj,1,1,6.19491004943848,32.220458984375,2.57711672782898,0.010253207758069,0.000650008907541633,1.02457201480865
proj,1,1,4.67971324920654,30.9186210632324,2.96645998954773,0.0162430871278048,0.000687674910295755,0.937507092952728
proj,1,1,1.59311234951019,33.9647483825684,2.99087929725647,0.00634299265220761,0.000651752401608974,1.03333783149719
proj,1,1,1.24448430538177,33.6683921813965,2.4340660572052,0.00191110221203417,0.000627667875960469,1.02691578865051
proj,1,1,0.539745569229126,30.8436832427979,3.05273485183716,0.0111930435523391,0.000655011855997145,1.03036987781525
proj,1,1,-1.27233719825745,31.4116897583008,5.64154100418091,0.00408081011846662,0.000688935164362192,0.96511048078537
proj,1,1,12.1075973510742,32.7580032348633,4.59511184692383,0.00643071904778481,0.000644415849819779,1.03490352630615
proj,1,1,11.3491954803467,33.9853744506836,2.76669335365295,0.0108433598652482,0.000645627151243389,1.03053164482117
proj,1,1,13.7724723815918,31.1401138305664,2.85299038887024,0.0105673419311643,0.000631839968264103,1.02898371219635
proj,1,1,-1.15487456321716,31.995153427124,5.00045919418335,0.00329435546882451,0.000638049037661403,1.03366184234619
proj,1,1,-1.24564802646637,34.0027503967285,2.7890636920929,0.00636040372774005,0.000641671707853675,1.03064060211182
proj,1,1,9.51388645172119,32.9919128417969,2.4258086681366,0.00340625364333391,0.00064961623866111,1.02500414848328
proj,1,1,10.0962438583374,32.3077049255371,2.47245740890503,0.00902628339827061,0.000648843648377806,1.02545034885406
proj,1,1,1.71922075748444,31.3728160858154,3.60268235206604,0.00656565558165312,0.000674611830618232,1.02483296394348
proj,1,1,8.86663055419922,33.9671249389648,3.31844305992126,0.00631026178598404,0.000644397980067879,1.03422355651855
proj,1,1,-1.02181172370911,31.3217067718506,2.79483556747437,0.0247775372117758,0.000640045269392431,1.02608752250671
proj,1,1,-1.36797118186951,34.0022926330566,3.01468515396118,0.00669305399060249,0.000641625549178571,1.03186273574829
proj,1,1,7.60254001617432,33.9337043762207,2.34317970275879,0.0074659688398242,0.000664723862428218,1.02334702014923
proj,1,1,8.14106178283691,33.3450012207031,2.37534022331238,0.00198426586575806,0.000641781429294497,1.02490305900574
proj,1,1,13.0267534255981,32.549015045166,2.42282104492188,0.0091109424829483,0.000644414220005274,1.02523243427277
proj,1,1,11.9293575286865,31.2649154663086,2.7937376499176,0.0198143851011992,0.000640287704300135,1.02607750892639
proj,1,1,3.25282192230225,31.3802623748779,5.70475578308105,0.00259288190864027,0.000684465980157256,1.00604140758514
proj,1,1,5.86462926864624,31.5260677337646,5.98552083969116,0.00167697155848145,0.000705848447978497,0.954267740249634
proj,1,1,0.389529347419739,31.4225921630859,5.44262599945068,0.00662425253540277,0.000832469086162746,0.829564571380615
proj,1,1,9.13078022003174,32.478889465332,4.87599229812622,0.00293116830289364,0.000641578808426857,1.03529834747314
proj,1,1,-1.23325133323669,33.8914451599121,4.02832078933716,0.0152294635772705,0.00065037258900702,1.0351790189743
proj,1,1,1.11583912372589,32.4366302490234,2.41545224189758,0.0053447000682354,0.000644371146336198,1.02504897117615
proj,1,1,3.04362106323242,31.5444869995117,2.5816011428833,0.0195235107094049,0.000652723654638976,1.0239394903183
proj,1,1,-1.07500612735748,31.4264659881592,4.06068181991577,0.00505868904292583,0.000645682623144239,1.02386093139648
proj,1,1,-1.21053767204285,31.5446071624756,6.02642440795898,0.00515676150098443,0.000752736465074122,0.943506717681885
proj,1,1,-1.14596366882324,31.4901561737061,5.87426233291626,0.0055895010009408,0.000717724731657654,0.995949864387512
proj,1,1,-1.04786419868469,33.9455261230469,3.9300377368927,0.0185592863708735,0.000650446047075093,1.03521978855133
proj,1,1,5.42049074172974,34.0101928710938,2.76157116889954,0.00145757221616805,0.000651997746899724,1.03444266319275
proj,1,1,7.84396696090698,33.9718551635742,2.46870565414429,0.00890609715133905,0.000647439155727625,1.02677822113037
proj,1,1,-0.784172773361206,33.4115715026855,2.35056471824646,0.00250348192639649,0.000645504682324827,1.02749884128571
proj,1,1,-0.951030313968658,31.4170703887939,2.72562313079834,0.0159671381115913,0.000662222504615784,1.02389454841614
proj,1,1,9.01778602600098,31.3780727386475,2.73624634742737,0.0127835869789124,0.000649095745757222,1.0241287946701
proj,1,1,2.15500783920288,31.0730247497559,3.14354348182678,0.00792863499373198,0.000674298207741231,1.02481400966644
proj,1,1,-0.968330919742584,31.3846988677979,3.56479477882385,0.00526541424915195,0.000644299434497952,1.02436935901642
proj,1,1,-0.962795674800873,31.4729347229004,5.61319828033447,0.00776902306824923,0.000786765129305422,0.83232194185257
proj,1,1,-0.817506074905396,31.43772315979,5.54544591903687,0.00698319915682077,0.000842937210109085,0.828143119812012
proj,1,1,-0.264351934194565,31.9388313293457,5.19838666915894,0.00571206817403436,0.000638931407593191,1.03367674350739
proj,1,1,7.32872724533081,31.389533996582,5.90365266799927,0.00182640575803816,0.000687520776409656,0.993597149848938
proj,1,1,-1.14799153804779,33.9726409912109,2.4839916229248,0.0020420178771019,0.000653099152259529,1.02625632286072
proj,1,1,12.2817468643188,31.3692321777344,2.57835650444031,0.0199265945702791,0.000653352530207485,1.02381813526154
proj,1,1,-1.10750603675842,31.3382167816162,5.24533271789551,0.00985781289637089,0.000668373832013458,1.02088105678558
proj,1,1,1.76081669330597,31.4690189361572,6.14241075515747,0.00389530602842569,0.000740459421649575,0.946714580059052
proj,1,1,6.34834003448486,31.5590515136719,6.09783124923706,0.00329272262752056,0.000769779202528298,0.963270783424377
proj,1,1,9.85223960876465,33.9827919006348,3.7679808139801,0.00629970524460077,0.000654017028864473,1.0332840681076
proj,1,1,5.46025514602661,31.4258708953857,6.19816446304321,0.00347379501909018,0.000707948056515306,0.917203903198242
proj,1,1,-1.08733081817627,31.5636806488037,6.1121244430542,0.00770522281527519,0.000762625248171389,0.962786495685577
proj,1,1,-1.11750602722168,33.7636642456055,4.21048259735107,0.007848777808249,0.000650258327368647,1.03507578372955
proj,1,1,11.0631971359253,33.9749717712402,2.22687196731567,0.013592098839581,0.00067048822529614,1.02210545539856
proj,1,1,4.56637573242188,31.1946048736572,3.16560244560242,0.00632524350658059,0.000653516384772956,1.02716970443726
proj,1,1,-0.82097464799881,31.3788070678711,3.40494728088379,0.00322744506411254,0.000658289936836809,1.02928137779236
proj,1,1,5.67016124725342,31.331090927124,3.80050277709961,0.00574594922363758,0.000665422936435789,1.02527666091919
proj,1,1,-1.14334714412689,31.2915897369385,2.51152682304382,0.0223126020282507,0.000652691873256117,1.02364814281464
proj,1,1,-1.0464094877243,31.4311809539795,6.27170133590698,0.00478840712457895,0.000712088134605438,0.916876435279846
proj,1,1,-1.26125609874725,34.016658782959,2.22893238067627,0.0137570556253195,0.000669775763526559,1.02197074890137
proj,1,1,-0.763079047203064,33.2618408203125,2.30982685089111,0.0228817742317915,0.000662224483676255,1.02366960048676
proj,1,1,8.2995138168335,31.3976001739502,2.44027805328369,0.0186440721154213,0.000651860085781664,1.02368700504303
proj,1,1,5.52800893783569,33.9531402587891,3.15204668045044,0.00224201660603285,0.000649593013804406,1.03339493274689
proj,1,1,9.32350158691406,31.5906925201416,6.21282577514648,0.00666904775425792,0.000731545966118574,0.98238331079483
proj,1,1,4.36245918273926,31.5941505432129,6.10339784622192,0.0250620767474174,0.000721526157576591,0.880283236503601
proj,1,1,8.06398868560791,33.5968132019043,4.49812793731689,0.00699334545060992,0.000649888825137168,1.03825795650482
proj,1,1,8.10850715637207,34.0034713745117,2.23146915435791,0.00747793540358543,0.000661822035908699,1.02258741855621
proj,1,1,2.58749389648438,30.7894992828369,2.84048843383789,0.00526257138699293,0.000707858067471534,0.817037343978882
proj,1,1,3.09113836288452,33.8341674804688,2.18137764930725,0.0124995317310095,0.000663989223539829,1.02348721027374
proj,1,1,11.6862955093384,31.4084625244141,2.38493371009827,0.00733279576525092,0.00065161642851308,1.02379763126373
proj,1,1,-0.780712187290192,31.2079734802246,3.75688505172729,0.00412404537200928,0.000661382568068802,1.00387048721313
proj,1,1,2.50593662261963,31.622859954834,6.29305553436279,0.0069950302131474,0.000773437321186066,0.960324883460999
proj,1,1,-1.14125609397888,33.9824447631836,3.75424933433533,0.0134032284840941,0.000642733473796397,1.03556871414185
proj,1,1,-0.958987832069397,31.3370418548584,3.36435031890869,0.00825877767056227,0.000664815539494157,1.03469800949097
proj,1,1,-1.09131109714508,31.2085514068604,3.74413633346558,0.00400684447959065,0.000674071838147938,1.01745820045471
proj,1,1,0.764502108097076,31.2750568389893,5.58785486221313,0.00289766816422343,0.00066871615126729,1.02808606624603
proj,1,1,0.638268887996674,31.3304824829102,6.24134302139282,0.00490778870880604,0.000662806909531355,1.03920662403107
proj,1,1,8.27621364593506,33.5397605895996,2.17991185188293,0.0114884283393621,0.000661787402350456,1.02239036560059
proj,1,1,-0.169731721282005,31.143928527832,3.67744135856628,0.00565815716981888,0.000679439748637378,1.02832579612732
proj,1,1,4.236243724823,31.1763515472412,4.24451971054077,0.00247878022491932,0.000675775809213519,1.02847456932068
proj,1,1,3.58483672142029,33.8552551269531,2.49656343460083,0.00288222497329116,0.00064852851210162,1.03357589244843
proj,1,1,-0.930672287940979,33.8959007263184,2.05683350563049,0.0207501221448183,0.000671229674480855,1.02176558971405
proj,1,1,7.11863231658936,33.8374710083008,2.06851625442505,0.0199457164853811,0.000672260764986277,1.02181804180145
proj,1,1,4.00253772735596,33.2421340942383,2.19040369987488,0.0105967046692967,0.000661499507259578,1.02268767356873
proj,1,1,-1.33497512340546,31.1716289520264,4.22400140762329,0.00337422057054937,0.000685266393702477,1.02169978618622
proj,1,1,2.56328654289246,31.0061206817627,2.82957410812378,0.00639209104701877,0.000669740373268723,1.04673504829407
proj,1,1,4.45484018325806,31.2445812225342,5.78249311447144,0.00857506319880486,0.000662935781292617,1.03186905384064
proj,1,1,5.30374383926392,31.6622772216797,6.40941381454468,0.0123031567782164,0.000774490123149008,0.934093236923218
proj,1,1,2.82828974723816,31.6999759674072,6.2867693901062,0.00386477983556688,0.000743141572456807,0.85871410369873
proj,1,1,-0.759553253650665,33.9445457458496,3.34822010993958,0.00862551480531693,0.000641179503872991,1.0351402759552
proj,1,1,14.6049938201904,33.9051208496094,2.02842283248901,0.0174022186547518,0.000668546359520406,1.02183985710144
proj,1,1,0.373012393712997,33.8807678222656,2.00319600105286,0.0211399421095848,0.000671894697006792,1.02175748348236
proj,1,1,12.990795135498,33.0636100769043,2.23108816146851,0.0110243856906891,0.000669414817821234,1.02314496040344
proj,1,1,-1.04456055164337,31.2280788421631,5.98516130447388,0.00332810590043664,0.000659884070046246,1.03311836719513
proj,1,1,-0.405779093503952,32.2983818054199,5.41838884353638,0.0151626383885741,0.000724246958270669,0.859661161899567
proj,1,1,-0.976440250873566,33.9705581665039,4.15647268295288,0.00901020038872957,0.000648698187433183,1.03666830062866
proj,1,1,-0.876373827457428,31.3601627349854,6.63160276412964,0.00450814049690962,0.000692983448971063,0.960171639919281
proj,1,1,-1.10869443416595,30.9573059082031,2.3559582233429,0.0101675875484943,0.000652109447401017,1.02358889579773
proj,1,1,-0.368762612342834,31.6835708618164,6.51824474334717,0.00796266924589872,0.000816730142105371,0.952791750431061
proj,1,1,-1.30822539329529,33.6329803466797,2.00634908676147,0.0188603717833757,0.00067190348636359,1.02183926105499
proj,1,1,0.945850551128387,33.1536979675293,2.09863662719727,0.0165363885462284,0.000661536934785545,1.02240180969238
proj,1,1,3.57874393463135,31.0008983612061,4.12173366546631,0.00106091180350631,0.000655923271551728,1.04719293117523
proj,1,1,6.25539779663086,32.5356025695801,5.33043527603149,0.0191658958792686,0.000788721023127437,0.830500960350037
proj,1,1,-1.1738965511322,32.6120948791504,2.15573906898499,0.0131735969334841,0.000648509478196502,1.02336633205414
proj,1,1,-1.2243846654892,31.518970489502,6.7424955368042,0.00410749018192291,0.000671348767355084,0.992176830768585
proj,1,1,-1.282506108284,31.8530921936035,6.40559005737305,0.0107493689283729,0.000742406700737774,0.873213469982147
proj,1,1,2.63754868507385,33.3860702514648,1.9755448102951,0.0152371656149626,0.000659314391668886,1.02221119403839
proj,1,1,4.60902833938599,32.2818031311035,2.21080613136292,0.0225790962576866,0.000650227884761989,1.02314233779907
proj,1,1,0.0797649547457695,30.7126731872559,2.34322285652161,0.0106171946972609,0.000652314978651702,1.02353930473328
proj,1,1,-1.24375605583191,31.442943572998,3.16968417167664,0.00760581623762846,0.000675354152917862,1.03000998497009
proj,1,1,-1.04081130027771,31.7638263702393,6.53981351852417,0.00558058405295014,0.000782382325269282,0.933005809783936
proj,1,1,-0.576342463493347,32.5465812683105,5.33959054946899,0.0304108764976263,0.000770063255913556,0.835991024971008
proj,1,1,3.53615593910217,33.955078125,4.41658878326416,0.00710344174876809,0.000648297369480133,1.04398334026337
proj,1,1,-0.989491879940033,33.9556159973145,4.15261030197144,0.00846734642982483,0.000641331367660314,1.04148709774017
proj,1,1,4.1018180847168,31.1515350341797,2.75562453269958,0.00201590545475483,0.00074414286063984,1.05562877655029
proj,1,1,10.3290596008301,30.9359951019287,4.15277004241943,0.0121297715231776,0.000671624729875475,1.02989792823792
proj,1,1,-1.19858539104462,31.2154388427734,6.38524293899536,0.00666570896282792,0.00065348477801308,1.0456657409668
proj,1,1,-1.16980147361755,31.6925048828125,6.76758241653442,0.00730589916929603,0.000671587535180151,1.01004433631897
proj,1,1,5.46078014373779,31.8577404022217,6.48030614852905,0.0138425547629595,0.000719609786756337,0.88898640871048
proj,1,1,0.671287596225739,32.1802406311035,2.14049935340881,0.00778952799737453,0.000643156468868256,1.02389740943909
proj,1,1,5.97438478469849,30.9076747894287,2.53037285804749,0.018682885915041,0.000650075380690396,1.0242041349411
proj,1,1,2.86819911003113,31.2755565643311,2.81433916091919,0.00448412215337157,0.000669163651764393,1.04845976829529
proj,1,1,5.4131383895874,32.2746047973633,5.60407447814941,0.0284915715456009,0.000954320305027068,0.85426390171051
proj,1,1,3.57619309425354,33.8015060424805,1.81710112094879,0.0226143971085548,0.000670854758936912,1.02177715301514
proj,1,1,-1.04157161712646,32.012580871582,5.82119989395142,0.137043550610542,0.00100948824547231,0.863580524921417
proj,1,1,3.61511063575745,30.8256149291992,2.3028039932251,0.0113197173923254,0.000656538351904601,1.02278649806976
proj,1,1,10.441011428833,31.3432483673096,2.82198023796082,0.00535417860373855,0.000676143739838153,1.04272842407227
proj,1,1,3.30833840370178,32.5044021606445,1.9972996711731,0.0080932192504406,0.000637952412944287,1.02641439437866
proj,1,1,-1.30678582191467,31.5589065551758,2.23966336250305,0.024092061445117,0.000653963244985789,1.0228465795517
proj,1,1,-0.996237874031067,31.4409313201904,3.0162718296051,0.0084196524694562,0.000677663600072265,1.02743768692017
proj,1,1,-1.00288414955139,30.9147052764893,4.62018060684204,0.00345122790895402,0.000650377944111824,1.04900646209717
proj,1,1,9.43624401092529,30.9257717132568,4.71858692169189,0.00564484111964703,0.000649956171400845,1.04986000061035
proj,1,1,6.9349193572998,30.979362487793,5.32380867004395,0.00370282004587352,0.000653668364975601,1.04994344711304
proj,1,1,-1.14407002925873,31.4921016693115,6.87867164611816,0.00604097824543715,0.000672545516863465,1.03881454467773
proj,1,1,-1.24389040470123,31.8453712463379,6.1530385017395,0.0323889963328838,0.00105181778781116,0.871676206588745
proj,1,1,8.34420394897461,31.827672958374,6.00653839111328,0.0101814875379205,0.00121066113933921,0.861786782741547
proj,1,1,-0.728529691696167,33.1021308898926,1.86552631855011,0.0146447969600558,0.000643113278783858,1.02429533004761
proj,1,1,1.88141977787018,32.9144287109375,1.90485203266144,0.0129053676500916,0.000637538323644549,1.02617537975311
proj,1,1,-1.07487857341766,30.822380065918,2.29914474487305,0.0156854707747698,0.000655589334201068,1.02268302440643
proj,1,1,5.56374359130859,31.4794940948486,6.89653396606445,0.00615351879969239,0.000673197966534644,1.04077672958374
proj,1,1,10.9998064041138,31.9005336761475,6.59669542312622,0.0322250165045261,0.000879905419424176,0.822310030460358
proj,1,1,4.35982370376587,31.8802852630615,6.36786985397339,0.0117260022088885,0.0016279035480693,0.904372692108154
proj,1,1,8.59814834594727,32.518627166748,1.9320855140686,0.00871077086776495,0.00063701783074066,1.02681934833527
proj,1,1,-1.06313610076904,30.7928714752197,2.29227232933044,0.0139051247388124,0.000655403477139771,1.02268242835999
proj,1,1,-0.994149506092072,31.3100872039795,6.92354869842529,0.0040998044423759,0.000663040846120566,1.04419410228729
proj,1,1,-0.022969014942646,30.3909797668457,2.30210661888123,0.00568810384720564,0.000653820927254856,1.0224860906601
proj,1,1,5.72390604019165,30.5016899108887,2.53841829299927,0.0129629224538803,0.000677962438203394,0.972053468227386
proj,1,1,9.70946025848389,31.7841014862061,6.7100076675415,0.00501684797927737,0.000780268746893853,0.951486766338348
proj,1,1,0.743373095989227,33.4078178405762,1.67658066749573,0.0190040860325098,0.000644191750325263,1.02399802207947
proj,1,1,5.8306713104248,30.8405704498291,4.40615558624268,0.00455876812338829,0.000655308947898448,1.05147457122803
proj,1,1,0.193859159946442,31.1382637023926,6.49381971359253,0.00298248813487589,0.000650322122965008,1.04539394378662
proj,1,1,-1.0675060749054,31.7958164215088,6.71529769897461,0.00538433762267232,0.000777872744947672,0.95220947265625
proj,1,1,9.53221607208252,33.0048561096191,1.72363758087158,0.0133663332089782,0.000643337669316679,1.02414798736572
proj,1,1,-0.923816978931427,32.1296081542969,1.8925576210022,0.0081193633377552,0.000634646567050368,1.0274144411087
proj,1,1,0.235702633857727,31.6227722167969,1.96087324619293,0.00628035422414541,0.000638654106296599,1.02545833587646
proj,1,1,4.59486484527588,33.5123291015625,1.60308277606964,0.0182056985795498,0.000642579630948603,1.02502977848053
proj,1,1,1.17948889732361,33.1798934936523,1.65429997444153,0.0145053034648299,0.000643954030238092,1.02401006221771
proj,1,1,7.40032052993774,32.1422729492188,1.84896922111511,0.00740161119028926,0.000635396281722933,1.02710223197937
proj,1,1,-1.09375607967377,31.3647232055664,2.70869159698486,0.00294564524665475,0.000743278069421649,1.05558013916016
proj,1,1,0.947570085525513,31.4137992858887,2.93085265159607,0.0022951397113502,0.000674007344059646,1.03307342529297
proj,1,1,-1.22247815132141,31.0571212768555,6.18925142288208,0.0053120655938983,0.000651012698654085,1.04631435871124
proj,1,1,-1.26147985458374,31.0801162719727,6.30459213256836,0.00304676359519362,0.000652552291285247,1.04613518714905
proj,1,1,-1.07974135875702,31.1486873626709,6.57894086837769,0.00359164201654494,0.000652019225526601,1.04656219482422
proj,1,1,9.06400775909424,31.2437553405762,6.84879589080811,0.00342779280617833,0.000667863409034908,1.04767763614655
proj,1,1,6.13567447662354,31.2585182189941,6.8781566619873,0.00218245782889426,0.000662696606013924,1.04680144786835
proj,1,1,-0.731512665748596,32.8014106750488,1.72209668159485,0.0319119729101658,0.000633844174444675,1.02852809429169
proj,1,1,10.2240781784058,30.7419033050537,2.24060678482056,0.00935604237020016,0.000646432745270431,1.0236337184906
proj,1,1,-1.16784715652466,30.6701431274414,2.24585556983948,0.00852104090154171,0.000647169188596308,1.02363061904907
proj,1,1,2.67391204833984,33.5226783752441,1.56708741188049,0.0120919877663255,0.000642060826066881,1.02555119991302
proj,1,1,1.46057784557343,31.416166305542,2.70444869995117,0.00456720730289817,0.000713664863724262,1.05638682842255
proj,1,1,12.9889860153198,31.5064182281494,2.98731970787048,0.0124382060021162,0.000700545788276941,1.04380702972412
proj,1,1,-1.02500605583191,31.5622367858887,3.07176280021667,0.0120189599692822,0.000697532726917416,1.04315257072449
proj,1,1,-1.21220684051514,33.6814155578613,2.03370118141174,0.0233797393739223,0.000638096069451421,1.0343918800354
proj,1,1,2.70531153678894,31.7252864837646,1.85794913768768,0.0109938802197576,0.00063632894307375,1.02615249156952
proj,1,1,-1.1882963180542,31.246509552002,1.93399846553802,0.00971719156950712,0.000637227378319949,1.02525877952576
proj,1,1,4.47486686706543,30.3906059265137,2.27582097053528,0.00582650955766439,0.000652551476377994,1.0225076675415
proj,1,1,2.01268196105957,30.500617980957,2.47690486907959,0.00957026705145836,0.000671537942253053,1.00514447689056
proj,1,1,1.16267204284668,31.5619487762451,3.0598623752594,0.00725389551371336,0.000700283504556865,1.04392516613007
proj,1,1,-1.03875613212585,30.8154010772705,3.53962993621826,0.00737948529422283,0.000668140244670212,1.04951846599579
proj,1,1,-1.19750607013702,31.7778968811035,6.53054523468018,0.00724973762407899,0.00115665607154369,0.905638515949249
proj,1,1,-0.572711646556854,30.9486122131348,2.53732180595398,0.00646946439519525,0.000698407180607319,1.05845844745636
proj,1,1,5.69048690795898,31.861515045166,6.03167152404785,0.018114298582077,0.00108679651748389,0.873244345188141
proj,1,1,-1.11750602722168,31.0433750152588,6.1966609954834,0.00449708011001348,0.000646227970719337,1.04648840427399
proj,1,1,0.991068780422211,31.7904052734375,6.88846826553345,0.00824423786252737,0.000682717538438737,1.03708231449127
proj,1,1,3.96879911422729,33.7221450805664,1.49512469768524,0.0205672662705183,0.000640275306068361,1.02759563922882
proj,1,1,-0.275151252746582,29.9109573364258,2.27731847763062,0.00775134284049273,0.000665862171445042,1.02271378040314
proj,1,1,-1.20562553405762,30.5007266998291,2.26257348060608,0.00834900606423616,0.000651989888865501,1.02333998680115
proj,1,1,-1.1858891248703,31.0381813049316,3.38336706161499,0.00377140403725207,0.000680099590681493,1.04689335823059
proj,1,1,8.36097526550293,30.8229084014893,3.49346685409546,0.0123428907245398,0.00066879577934742,1.04931116104126
proj,1,1,-1.19000601768494,30.7306461334229,3.63081693649292,0.0106529528275132,0.00066392234293744,1.0518159866333
proj,1,1,-0.832505464553833,32.2315788269043,1.65929317474365,0.00639669736847281,0.000648950575850904,1.01976227760315
proj,1,1,-0.994799494743347,30.1538314819336,2.24738311767578,0.0093427412211895,0.000652915041428059,1.02218747138977
proj,1,1,8.13583755493164,31.8437309265137,5.74130630493164,0.0240212809294462,0.0012056544655934,0.846796274185181
proj,1,1,-1.08915579319,30.6361217498779,4.00530099868774,0.00398175464943051,0.000665633124299347,1.05280292034149
proj,1,1,8.91317081451416,31.2103385925293,6.80380392074585,0.0173365585505962,0.000686518149450421,1.05012559890747
proj,1,1,-1.17297232151031,31.5188331604004,7.09254837036133,0.00459503754973412,0.000672143418341875,1.04398810863495
proj,1,1,7.69374370574951,33.8327026367188,1.29212653636932,0.0187306888401508,0.00144320516847074,0.719901382923126
proj,1,1,3.54386901855469,32.8238830566406,1.38018023967743,0.0195949077606201,0.00102405180223286,0.741195678710938
proj,1,1,-0.499794036149979,31.4349327087402,2.60513305664062,0.0075654941610992,0.000743828190024942,1.05586743354797
proj,1,1,0.137422978878021,31.6064014434814,2.94500327110291,0.012864320538938,0.00072325870860368,1.04954922199249
proj,1,1,11.3262577056885,31.384126663208,7.17740201950073,0.00424904096871614,0.000664472347125411,1.04546439647675
proj,1,1,-1.20782279968262,32.6984062194824,4.62619972229004,0.0485458485782146,0.000799871515482664,0.827054798603058
proj,1,1,-0.36464062333107,31.7725868225098,1.7437379360199,0.0117566967383027,0.000637245480902493,1.02524721622467
proj,1,1,2.91065835952759,33.7281112670898,4.03346538543701,0.00828275177627802,0.00063616328407079,1.24835419654846
proj,1,1,-1.27203321456909,33.8999671936035,1.14599788188934,0.105419404804707,0.000946398824453354,0.747376382350922
proj,1,1,3.70201539993286,34.069465637207,1.1431337594986,0.0463831052184105,0.00124189909547567,0.714894473552704
proj,1,1,-1.0643984079361,33.589729309082,1.25566232204437,0.0882378816604614,0.00123865844216198,0.72617107629776
proj,1,1,-1.03328907489777,32.8768348693848,1.26626574993134,0.0372432433068752,0.00103951874189079,0.738454878330231
proj,1,1,-1.02295088768005,33.762020111084,1.37196099758148,0.186703011393547,0.00110966200008988,0.700013220310211
proj,1,1,9.75951671600342,29.5683860778809,2.24115204811096,0.00647246558219194,0.000658448843751103,1.02303469181061
proj,1,1,8.76749992370605,29.6318073272705,2.23272132873535,0.011836051940918,0.000656084099318832,1.0230473279953
proj,1,1,3.83259558677673,31.5013179779053,2.66651773452759,0.00961082894355059,0.000738406553864479,1.0543532371521
proj,1,1,2.60874390602112,31.5108699798584,7.14217948913574,0.00211171805858612,0.000668362190481275,1.04280412197113
proj,1,1,-1.01459920406342,33.8999633789062,1.09603893756866,0.135515779256821,0.000960184261202812,0.740239560604095
proj,1,1,-1.19079744815826,33.966854095459,1.15429532527924,0.0143264643847942,0.000982303870841861,0.739169836044312
proj,1,1,4.30247259140015,31.3916625976562,2.58115220069885,0.00476353568956256,0.000743797048926353,1.05592906475067
proj,1,1,-1.22250604629517,31.7266864776611,4.8484525680542,0.0167669542133808,0.000800396664999425,0.843658089637756
proj,1,1,-0.362662136554718,33.5511741638184,2.46751761436462,0.0313867963850498,0.000746571226045489,0.8664870262146
proj,1,1,-0.938702285289764,31.3610877990723,7.19842672348022,0.00348228518851101,0.000658629229292274,1.04632031917572
proj,1,1,-1.27147996425629,31.6711311340332,7.08864545822144,0.0053217033855617,0.000671604997478426,1.04048025608063
proj,1,1,0.887539446353912,33.5012969970703,1.1298018693924,0.101062193512917,0.00124508875887841,0.72739189863205
proj,1,1,5.28022003173828,32.9705543518066,1.13590383529663,0.0180934332311153,0.00124464510008693,0.714034497737885
proj,1,1,9.71453380584717,29.9191513061523,2.20283365249634,0.00473884539678693,0.000653223949484527,1.0232812166214
proj,1,1,-1.23393201828003,30.2783622741699,2.33331179618835,0.0257426779717207,0.000641651102341712,1.0164452791214
proj,1,1,-1.23715007305145,30.4234275817871,4.51913690567017,0.00777052342891693,0.000674459850415587,1.02512526512146
proj,1,1,1.81610190868378,31.2776355743408,7.0735445022583,0.0109702739864588,0.000680658442433923,1.04939663410187
proj,1,1,4.96920156478882,31.4387645721436,7.19555521011353,0.000828321615699679,0.000659850426018238,1.03154385089874
proj,1,1,4.96258449554443,30.4488182067871,2.03093385696411,0.00860496703535318,0.000637209741398692,1.02495896816254
proj,1,1,-1.36174547672272,31.5378036499023,3.01526522636414,0.0116348564624786,0.00072423747042194,1.04965579509735
proj,1,1,-0.906606733798981,30.5441913604736,3.90300607681274,0.00463092001155019,0.000662018544971943,1.05169987678528
proj,1,1,2.64127230644226,30.6972332000732,5.58573293685913,0.00172458274755627,0.000644026091322303,1.04791247844696
proj,1,1,-1.17865896224976,30.3440284729004,4.50444650650024,0.00614185864105821,0.000675685645546764,1.0267733335495
proj,1,1,10.2963027954102,31.8005676269531,6.60023069381714,0.0128515185788274,0.00112888286821544,0.833933651447296
proj,1,1,9.11413860321045,33.8599090576172,0.892575144767761,0.0283663216978312,0.00146128772757947,0.716378331184387
proj,1,1,-1.0628182888031,31.8123302459717,7.02866411209106,0.0100837675854564,0.000669732049573213,0.991021394729614
proj,1,1,-1.25995886325836,31.8833599090576,6.87804317474365,0.0104061970487237,0.000957025564275682,0.817073464393616
proj,1,1,0.966115653514862,31.7552528381348,4.06781768798828,0.0553200244903564,0.00132055196445435,1.08708572387695
proj,1,1,2.61701488494873,33.8230743408203,0.938769280910492,0.0194682292640209,0.000959356955718249,0.719529032707214
proj,1,1,7.52249097824097,33.9023895263672,0.901945650577545,0.0305873453617096,0.00102372851688415,0.726494252681732
proj,1,1,7.84789800643921,33.9220428466797,0.888567984104156,0.0255199111998081,0.0010218940442428,0.725012362003326
proj,1,1,-1.11875605583191,33.8861541748047,0.766466081142426,0.0501077435910702,0.00170611403882504,0.710256636142731
proj,1,1,0.174993887543678,31.1751308441162,2.5114107131958,0.0107494713738561,0.000738766160793602,1.05558776855469
proj,1,1,-0.629908680915833,31.4467811584473,2.88720870018005,0.0135791935026646,0.000738100206945091,1.05308985710144
proj,1,1,8.34228229522705,30.2767639160156,4.6638445854187,0.00756944203749299,0.000673867994919419,1.05346643924713
proj,1,1,-0.900771856307983,33.1025123596191,3.73560380935669,0.0122868362814188,0.000643755600322038,1.03852915763855
proj,1,1,2.83637952804565,31.3364524841309,7.2135763168335,0.00740749388933182,0.000680429104249924,1.04936838150024
proj,1,1,-0.782537996768951,33.1857986450195,0.776132941246033,0.0174888893961906,0.0013613598421216,0.69791167974472
proj,1,1,-0.803574740886688,34.1082649230957,0.798897743225098,0.0481626428663731,0.00123145245015621,0.62538206577301
proj,1,1,12.0776281356812,29.4930248260498,2.16794204711914,0.0211000386625528,0.000658356817439198,1.02455973625183
proj,1,1,-1.14828765392303,31.3999137878418,7.26667499542236,0.00445097638294101,0.000658375502098352,1.04405128955841
proj,1,1,-1.06012082099915,33.9445266723633,0.696981012821198,0.0499790348112583,0.00120634643826634,0.725926041603088
proj,1,1,2.9324939250946,31.1935405731201,6.91468381881714,0.0104656992480159,0.00068226270377636,1.04984664916992
proj,1,1,7.86249494552612,30.7873115539551,3.28408694267273,0.00735027017071843,0.000676605850458145,1.0488748550415
proj,1,1,2.67047834396362,30.1594352722168,4.87069177627563,0.00399539340287447,0.000659400189761072,1.05040073394775
proj,1,1,-0.876306235790253,34.1576194763184,0.61624151468277,0.0340618453919888,0.00144042808096856,0.688434302806854
proj,1,1,-1.35877192020416,30.0481777191162,2.21181726455688,0.0161983724683523,0.000640953541733325,1.03056967258453
proj,1,1,4.39374399185181,30.8554935455322,2.43443298339844,0.0145211527124047,0.000694482354447246,1.05822026729584
proj,1,1,2.70754671096802,31.3387928009033,7.30100202560425,0.00472988281399012,0.000664414372295141,1.04726123809814
proj,1,1,9.86855888366699,33.8548812866211,0.652929484844208,0.0162030104547739,0.00164630031213164,0.705423712730408
proj,1,1,6.20617437362671,34.247631072998,0.575903713703156,0.0259063076227903,0.00105620280373842,0.730406284332275
proj,1,1,-0.505561888217926,30.5453758239746,3.6217622756958,0.00359734543599188,0.000675555551424623,1.0520430803299
proj,1,1,1.32359278202057,31.9182453155518,6.81485986709595,0.0100937653332949,0.00120537879411131,0.91581267118454
proj,1,1,5.85646677017212,33.9730644226074,0.471682280302048,0.0191178470849991,0.00108693877700716,0.731622278690338
proj,1,1,7.28116083145142,30.0116672515869,2.17803359031677,0.0307215768843889,0.000650160887744278,1.02861249446869
proj,1,1,2.8340265750885,31.074686050415,2.65619874000549,0.00869568437337875,0.000735953100956976,1.05506718158722
proj,1,1,-1.27538204193115,30.712646484375,3.28158092498779,0.00446936581283808,0.000678260228596628,1.04911482334137
proj,1,1,-1.20823669433594,31.843090057373,7.02249765396118,0.0183857064694166,0.000837399915326387,0.815244793891907
proj,1,1,12.2632932662964,33.83935546875,0.650875151157379,0.0261568948626518,0.0016022736672312,0.70683890581131
proj,1,1,4.65052366256714,30.9664325714111,6.69853448867798,0.00889244768768549,0.000676664581988007,1.04964458942413
proj,1,1,-1.1997218132019,30.5439968109131,2.27108335494995,0.0140388114377856,0.000697536452207714,1.05383908748627
proj,1,1,2.9525728225708,34.0545768737793,0.450002670288086,0.071626141667366,0.00170274137053639,0.680658638477325
proj,1,1,-0.961809039115906,28.8971710205078,2.08327150344849,0.0380395241081715,0.000664759718347341,1.02689838409424
proj,1,1,-0.172355800867081,31.1681690216064,7.00675344467163,0.0157353207468987,0.000677645031828433,1.04922413825989
proj,1,1,-1.23202967643738,31.8264770507812,6.55857372283936,0.00888705160468817,0.00154737220145762,0.925994694232941
proj,1,1,-0.9452765583992,29.5861377716064,1.98270261287689,0.0108106788247824,0.000644433952402323,1.02743053436279
proj,1,1,0.123892985284328,28.8321018218994,2.04929566383362,0.0415466278791428,0.000665471365209669,1.02701497077942
proj,1,1,-0.0433877930045128,30.437557220459,3.71030163764954,0.00859113875776529,0.000676880998071283,1.05197632312775
proj,1,1,-0.757779657840729,31.762056350708,3.15805840492249,0.0109456516802311,0.00181840814184397,0.905830800533295
proj,1,1,10.3551216125488,30.6419773101807,3.07106590270996,0.00638234708458185,0.000700892647728324,1.02069652080536
proj,1,1,-1.11908400058746,31.8559226989746,2.50327730178833,0.0212661847472191,0.00162528897635639,0.734472572803497
proj,1,1,-0.318167060613632,30.2274284362793,3.95753884315491,0.00867885071784258,0.000671131478156894,1.05154466629028
proj,1,1,-1.05354201793671,33.1050186157227,2.70437788963318,0.0208542365580797,0.000652960035949945,0.974484741687775
proj,1,1,-1.10031867027283,30.6824436187744,6.54864597320557,0.013815457932651,0.000670400040689856,1.04902803897858
proj,1,1,-1.09010803699493,33.6289138793945,0.480008631944656,0.0304249748587608,0.000968033680692315,0.722896218299866
proj,1,1,-1.18640029430389,33.7929153442383,0.463264763355255,0.011741841211915,0.00177462573628873,0.709155678749084
proj,1,1,7.34122896194458,33.8244476318359,0.441102653741837,0.0130691379308701,0.00187509984243661,0.706677317619324
proj,1,1,-0.915633022785187,29.6839866638184,2.0609130859375,0.0366144552826881,0.000652276154141873,1.03081881999969
proj,1,1,-0.741467595100403,31.6798248291016,7.13959550857544,0.0090442718937993,0.000663774902932346,0.954491317272186
proj,1,1,4.2983078956604,33.2910842895508,2.30895042419434,0.023131949827075,0.000663642480503768,1.06453609466553
proj,1,1,0.320460110902786,34.2565727233887,0.154336601495743,0.0514570102095604,0.000971119443420321,0.689224421977997
proj,1,1,11.9491710662842,33.6551933288574,0.475722640752792,0.0311431847512722,0.00174451863858849,0.729620277881622
proj,1,1,-1.31418371200562,29.8794612884521,2.30828523635864,0.0568411312997341,0.000762788928113878,0.732855260372162
proj,1,1,9.06260013580322,34.1484603881836,0.304896682500839,0.0322659611701965,0.00104924978222698,0.637634456157684
proj,1,1,-0.65219634771347,30.025203704834,2.3789496421814,0.062546119093895,0.000720706535503268,0.766316950321198
proj,1,1,0.106312066316605,33.7295799255371,0.47404882311821,0.0102399280294776,0.00109179760329425,0.705904126167297
proj,1,1,-1.09449911117554,33.2380790710449,1.35601210594177,0.0716332942247391,0.00131885707378387,0.647271037101746
proj,1,1,-1.095006108284,29.3214340209961,1.99860095977783,0.0245143547654152,0.000654361909255385,1.03048956394196
proj,1,1,-1.23375606536865,31.7218227386475,6.53519201278687,0.00549722509458661,0.00105471897404641,0.819504499435425
proj,1,1,-1.23408496379852,33.3175964355469,1.5126588344574,0.0275128558278084,0.000670728972181678,1.0757395029068
proj,1,1,-0.613756060600281,29.2537899017334,1.77873408794403,0.00827888678759336,0.000647895387373865,1.02899670600891
proj,1,1,-1.16342926025391,29.6888446807861,1.97042667865753,0.0412398055195808,0.000704422185663134,0.822113335132599
proj,1,1,-0.657434821128845,29.8547096252441,2.34992241859436,0.0305114258080721,0.000893587071914226,0.68502551317215
proj,1,1,-0.348712712526321,33.9478607177734,0.329471319913864,0.0939714834094048,0.00174780923407525,0.683111190795898
proj,1,1,-0.948095977306366,28.397928237915,1.85697960853577,0.0260122697800398,0.000663805869407952,1.02902841567993
proj,1,1,9.25507736206055,29.9944152832031,2.55905485153198,0.0378932766616344,0.000677600561175495,0.980388164520264
proj,1,1,8.45893955230713,33.7452239990234,0.389211893081665,0.0170703791081905,0.00127206672914326,0.761070072650909
proj,1,1,6.43046998977661,29.7523651123047,2.4203155040741,0.0367715544998646,0.00121372216381133,0.656638085842133
proj,1,1,-1.09375607967377,30.5519046783447,6.50879669189453,0.0123665621504188,0.000661111436784267,1.04724085330963
proj,1,1,1.55624389648438,33.2347679138184,1.60151898860931,0.0623529069125652,0.00066668470390141,1.07692682743073
proj,1,1,-1.02798616886139,28.2857055664062,1.7833685874939,0.0136163383722305,0.000655050505883992,1.03029775619507
proj,1,1,10.5237998962402,29.8283157348633,2.5406608581543,0.0474740713834763,0.000891950388904661,0.70652049779892
proj,1,1,4.87180805206299,32.1521110534668,2.58304500579834,0.020409157499671,0.00133903184905648,0.758833706378937
proj,1,1,11.5419492721558,30.3482627868652,2.93924784660339,0.0214934423565865,0.000742328818887472,0.996245861053467
proj,1,1,-0.917699992656708,29.6474552154541,5.06346273422241,0.0243929605931044,0.000671305344440043,1.05037403106689
proj,1,1,11.3418350219727,31.3003807067871,7.30058908462524,0.00505815213546157,0.000649129971861839,1.04417955875397
proj,1,1,-1.1844071149826,31.7347087860107,6.92309713363647,0.0393204651772976,0.00151679129339755,0.84099805355072
proj,1,1,-0.987824201583862,33.6049461364746,0.360191166400909,0.0349254421889782,0.00187808542978019,0.719675898551941
proj,1,1,3.67188262939453,33.8366050720215,0.345542997121811,0.0132542811334133,0.00235545635223389,0.72905421257019
proj,1,1,2.04345297813416,28.4138145446777,1.64632785320282,0.0121848145499825,0.000646853470243514,1.03057861328125
proj,1,1,0.32447412610054,28.9057350158691,2.13340497016907,0.0475062131881714,0.00221654330380261,0.532097399234772
proj,1,1,-1.08132243156433,30.2928829193115,2.81295299530029,0.0102539667859674,0.000692725530825555,1.05650663375854
proj,1,1,0.136468172073364,31.5079002380371,7.20067453384399,0.00689688557758927,0.000661408412270248,1.02417886257172
proj,1,1,-1.31831765174866,34.2247886657715,0.103116989135742,0.0492374524474144,0.000667747517582029,1.07868826389313
proj,1,1,3.40848112106323,30.0049095153809,1.54146385192871,0.0170763675123453,0.000654276460409164,1.02380406856537
proj,1,1,5.69749355316162,29.8919200897217,5.54661989212036,0.0154732502996922,0.000672019377816468,1.05003905296326
proj,1,1,0.175693958997726,34.092529296875,0.281719177961349,0.0398976877331734,0.00192917918320745,0.701724350452423
proj,1,1,1.04964900016785,32.089111328125,1.31094479560852,0.116597533226013,0.00120611977763474,0.664022862911224
proj,1,1,-1.03126013278961,30.386100769043,1.48762106895447,0.14448244869709,0.000772746745496988,0.805465638637543
proj,1,1,-0.875336647033691,34.108814239502,0.273435086011887,0.0256242025643587,0.00190376560203731,0.697596669197083
proj,1,1,-1.21840608119965,33.797607421875,0.588874518871307,0.0215034410357475,0.00187337154056877,0.558432340621948
proj,1,1,9.50019550323486,31.4242992401123,4.29670810699463,0.00940114725381136,0.00131396064534783,0.948377013206482
proj,1,1,-0.650037825107574,33.8788604736328,0.284730464220047,0.0104863718152046,0.0015401269774884,0.695064425468445
proj,1,1,6.87815475463867,28.0881004333496,2.05234169960022,0.0534705109894276,0.00273476308211684,0.494505882263184
proj,1,1,2.4512255191803,29.7210845947266,2.53586149215698,0.0517619922757149,0.000978020718321204,0.700372576713562
proj,1,1,-0.0675061047077179,34.2346649169922,0.234645649790764,0.198236331343651,0.00170995702501386,0.688430070877075
proj,1,1,5.74124383926392,29.6702175140381,2.50971865653992,0.0305913053452969,0.00149515154771507,0.666577458381653
proj,1,1,-0.872248470783234,29.5263175964355,2.46114039421082,0.0403835885226727,0.00161549251060933,0.620965540409088
proj,1,1,10.5343399047852,29.3950538635254,4.61615037918091,0.0183372292667627,0.000652587390504777,1.04667472839355
proj,1,1,-0.589622378349304,31.566535949707,7.11669635772705,0.040423110127449,0.000897022895514965,0.819012403488159
proj,1,1,-1.08534944057465,30.7256031036377,6.60606288909912,0.0140821514651179,0.000657477707136422,1.04488849639893
proj,1,1,-0.0412362329661846,31.0136699676514,7.03170394897461,0.0117847165092826,0.00065643124980852,1.04512238502502
proj,1,1,-1.22423899173737,31.8056755065918,1.97063779830933,0.0082799457013607,0.000821190420538187,0.795432090759277
proj,1,1,-1.27919661998749,28.016040802002,1.7301561832428,0.0142164435237646,0.000652529939543456,1.02700006961823
proj,1,1,10.5149202346802,29.7583808898926,2.57447791099548,0.0547757036983967,0.000908141606487334,0.715463638305664
proj,1,1,8.98958110809326,30.1192264556885,6.03314542770386,0.018906481564045,0.00066575565142557,1.04835057258606
proj,1,1,-0.221620678901672,34.0146598815918,0.414478778839111,0.0391256846487522,0.000664469494950026,1.08008015155792
proj,1,1,0.603953957557678,34.0710334777832,0.217718571424484,0.0235947985202074,0.00189580605365336,0.671151280403137
proj,1,1,0.725326180458069,29.9004325866699,5.69441795349121,0.0184301920235157,0.000673705479130149,1.04965996742249
proj,1,1,2.90562868118286,33.2426147460938,1.20726096630096,0.0706768333911896,0.000654284202028066,1.03991937637329
proj,1,1,1.6210685968399,34.9751052856445,0.00187258759979159,0.0123732285574079,0.000662320235278457,1.08134603500366
proj,1,1,8.29530429840088,27.8009986877441,1.58294606208801,0.0166956633329391,0.000653320574201643,1.03022885322571
proj,1,1,-1.14391565322876,29.4055442810059,4.14645147323608,0.00380481593310833,0.000652391812764108,1.01439809799194
proj,1,1,10.3670206069946,29.3936920166016,4.16965055465698,0.00181808532215655,0.000636647338978946,1.03095293045044
proj,1,1,8.47172546386719,34.8751754760742,0.00242408760823309,0.0389499068260193,0.00086695107165724,0.680815815925598
proj,1,1,-0.472841858863831,27.3504314422607,1.7533620595932,0.0692019909620285,0.00194094143807888,0.522077858448029
proj,1,1,-1.16274535655975,31.5369205474854,5.07572841644287,0.0203992780297995,0.001251733279787,0.946871995925903
proj,1,1,-0.0330811478197575,29.3539867401123,4.18312311172485,0.0121153537184,0.000729765859432518,0.889309167861938
proj,1,1,2.59551620483398,29.3352737426758,4.46328783035278,0.030668206512928,0.000651404086966068,1.04576134681702
proj,1,1,-1.29019713401794,31.3722286224365,7.13908386230469,0.0338182002305984,0.000653018825687468,1.03400683403015
proj,1,1,-1.09828984737396,35.0094223022461,0.00110095285344869,0.0339069813489914,0.00066031696042046,1.06573927402496
proj,1,1,8.4627799987793,34.9585189819336,0.0010322742164135,0.0753400027751923,0.000667556771077216,1.03164350986481
proj,1,1,9.10623168945312,33.6273460388184,0.235051959753036,0.0266783758997917,0.00177410361357033,0.681297838687897
proj,1,1,3.06590628623962,34.2174263000488,0.184031963348389,0.101726204156876,0.00170822569634765,0.667907655239105
proj,1,1,9.30111312866211,31.5847434997559,0.906558394432068,0.120277509093285,0.00197485205717385,0.493183135986328
proj,1,1,-0.905067086219788,29.4149360656738,3.730637550354,0.00531327165663242,0.000733659137040377,0.987208187580109
proj,1,1,3.19252300262451,31.4970970153809,7.02775812149048,0.0277481731027365,0.00119546358473599,0.854398608207703
proj,1,1,-1.21109569072723,32.0235061645508,0.897034823894501,0.0325663723051548,0.0020043863914907,0.485681235790253
proj,1,1,0.917547881603241,25.7524356842041,1.88114249706268,0.0380650497972965,0.00294888415373862,0.387036979198456
proj,1,1,-1.15789103507996,29.7333316802979,2.52025365829468,0.0155731849372387,0.00107758957892656,0.713527262210846
proj,1,1,-1.19582605361938,32.8464317321777,0.659495830535889,0.0309357941150665,0.0017718318849802,0.487972676753998
proj,1,1,2.82929611206055,27.0967464447021,1.68760240077972,0.0552595257759094,0.00212097866460681,0.523265480995178
proj,1,1,2.55185055732727,26.813907623291,2.04814767837524,0.0438055358827114,0.00294474535621703,0.549775302410126
proj,1,1,9.95815467834473,29.665807723999,2.46631860733032,0.0178285744041204,0.00135239749215543,0.701568067073822
proj,1,1,3.36374378204346,32.037483215332,1.97221863269806,0.0112048918381333,0.00204289238899946,0.853478968143463
proj,1,1,12.3937616348267,25.2561073303223,1.802121758461,0.0400848723948002,0.00395371252670884,0.292307525873184
proj,1,1,-0.611148536205292,35.0366897583008,0.000510971818584949,0.0305226538330317,0.000681920791976154,1.08846414089203
proj,1,1,11.8235940933228,34.3010673522949,0.127962216734886,0.038590494543314,0.00174817978404462,0.685034334659576
proj,1,1,3.65736150741577,31.3434562683105,7.00677013397217,0.0191547945141792,0.000648721121251583,1.02744650840759
proj,1,1,-1.21375608444214,34.0764236450195,0.160016655921936,0.0212006084620953,0.00178253697231412,0.687890470027924
proj,1,1,6.06998538970947,34.4629516601562,0.145555257797241,0.182688236236572,0.0015510767698288,0.648235559463501
proj,1,1,1.29249382019043,26.9989242553711,1.65474045276642,0.164836332201958,0.00145770504605025,0.562871336936951
proj,1,1,9.03874397277832,29.4096755981445,3.3939995765686,0.00049866468179971,0.000644404848571867,1.04745185375214
proj,1,1,-0.944912135601044,32.7833557128906,1.68673765659332,0.0233383402228355,0.000986278988420963,0.782651841640472
proj,1,1,-0.753756105899811,34.4314117431641,0.131528407335281,0.0809693932533264,0.00159437453839928,0.651281356811523
proj,1,1,-0.719854414463043,24.7065410614014,1.60353291034698,0.0427676290273666,0.00304435915313661,0.170206129550934
proj,1,1,4.55426788330078,34.2154121398926,0.154978036880493,0.0232303719967604,0.00189073267392814,0.68946772813797
proj,1,1,-1.09079086780548,34.3135986328125,0.118829354643822,0.0212881974875927,0.0017232442041859,0.683654129505157
proj,1,1,-1.10875606536865,32.481388092041,0.710699498653412,0.0248772744089365,0.00224681105464697,0.448194086551666
proj,1,1,-0.616134405136108,28.2442398071289,1.03289759159088,0.0467811599373817,0.00220498093403876,0.351056933403015
proj,1,1,-1.18851399421692,30.5717220306396,6.22681379318237,0.02056416682899,0.00065893994178623,1.04443120956421
proj,1,1,10.3811712265015,32.6222953796387,0.799761474132538,0.0484087765216827,0.00296697020530701,0.373529642820358
proj,1,1,-0.218597009778023,26.6122455596924,1.69565999507904,0.0454763323068619,0.00227211182937026,0.519240856170654
proj,1,1,-0.266616642475128,29.9427967071533,2.56941652297974,0.0166824869811535,0.000843151821754873,0.871003210544586
proj,1,1,4.36624383926392,29.1491470336914,3.84250116348267,0.0116569818928838,0.000759295944590122,0.78798496723175
proj,1,1,-0.647559821605682,32.4978446960449,0.502794504165649,0.0699145421385765,0.00141350831836462,1.00285494327545
proj,1,1,-1.1984087228775,32.6183929443359,0.436425417661667,0.0183177273720503,0.00158545328304172,0.918247699737549
proj,1,1,6.54343938827515,35.0489768981934,0.000412647525081411,0.0402710326015949,0.000687779800500721,1.09230494499207
proj,1,1,3.90499377250671,34.5605697631836,0.125305935740471,0.0230084769427776,0.00143758580088615,0.655062198638916
proj,1,1,-1.25650429725647,32.6749076843262,0.648945450782776,0.0433393679559231,0.0016487151151523,0.592783153057098
proj,1,1,1.21302103996277,32.4859657287598,0.744361519813538,0.017004705965519,0.00236760964617133,0.427025109529495
proj,1,1,4.80927181243896,24.5193996429443,1.558229804039,0.0336541794240475,0.00273664388805628,0.225148990750313
proj,1,1,0.122744627296925,34.1862754821777,0.0905724987387657,0.0719439461827278,0.00131019041873515,0.679433226585388
proj,1,1,5.02167463302612,34.6153450012207,0.104274809360504,0.164261177182198,0.00142485892865807,0.615013301372528
proj,1,1,2.02189064025879,32.6154861450195,0.795157372951508,0.0289285946637392,0.00297103310003877,0.368707090616226
proj,1,1,3.51039147377014,29.1636295318604,3.53721570968628,0.00311891920864582,0.000722590833902359,1.03370177745819
proj,1,1,1.61999380588531,32.6836814880371,0.634591102600098,0.0322912819683552,0.00180461199488491,0.588483452796936
proj,1,1,7.53499364852905,32.4598350524902,0.785293579101562,0.0291220396757126,0.00277934037148952,0.408762991428375
proj,1,1,3.50536608695984,29.2923469543457,5.02300024032593,0.020756958052516,0.000675068120472133,1.04877960681915
proj,1,1,1.53790783882141,29.840311050415,2.38949584960938,0.0178585480898619,0.000937783217523247,0.727669060230255
proj,1,1,-0.779980301856995,34.8690986633301,0.00210324907675385,0.0202310010790825,0.00065961602376774,1.07785642147064
proj,1,1,-1.01435363292694,34.6376724243164,0.234833389520645,0.0596252791583538,0.0013939201598987,0.583500146865845
proj,1,1,-1.05275869369507,25.8871898651123,2.03690767288208,0.0403138771653175,0.00370731111615896,0.59695041179657
proj,1,1,-1.22875607013702,29.8010482788086,2.66977047920227,0.0105108506977558,0.000743180396966636,1.0688214302063
proj,1,1,-0.849705457687378,29.6426811218262,2.28613567352295,0.0219322126358747,0.00184228189755231,0.699877560138702
proj,1,1,8.77707195281982,30.1921043395996,5.88747310638428,0.0272586923092604,0.000669100438244641,1.04625248908997
proj,1,1,5.60874366760254,31.3580665588379,6.75536584854126,0.0170472171157598,0.000687924155499786,0.835224151611328
proj,1,1,-1.07149863243103,35.0529670715332,0.000421582983108237,0.0419554673135281,0.000674991635605693,1.08043265342712
proj,1,1,-1.30921900272369,34.5336570739746,0.0286805145442486,0.0677336156368256,0.00123811676166952,0.697750687599182
proj,1,1,0.769018828868866,28.961799621582,2.23633575439453,0.0641404539346695,0.00284592807292938,0.805952548980713
proj,1,1,2.92165923118591,31.7943019866943,1.75303363800049,0.0482095964252949,0.00115311332046986,0.718356847763062
proj,1,1,9.22649478912354,28.7219200134277,0.636942327022552,0.0316154845058918,0.00209738803096116,0.395688444375992
proj,1,1,-0.648620128631592,28.4229068756104,2.2235209941864,0.0350333973765373,0.00269615836441517,0.783962607383728
proj,1,1,7.34784317016602,31.9488773345947,0.682639420032501,0.0373288430273533,0.00162450410425663,0.403691679239273
proj,1,1,4.72730731964111,30.9825325012207,2.92718982696533,0.00372042460367084,0.00151940283831209,1.02640795707703
proj,1,1,1.51990711688995,34.6711044311523,0.0278003010898829,0.0233433116227388,0.00122875475790352,0.677329897880554
proj,1,1,10.547342300415,31.9272651672363,0.835262715816498,0.0422535054385662,0.00280662439763546,0.392309576272964
proj,1,1,12.7973775863647,29.1648368835449,0.793581426143646,0.0361948236823082,0.00297178654000163,0.360049575567245
proj,1,1,-0.90225487947464,31.3136425018311,0.879288077354431,0.00526141095906496,0.00156919553410262,1.26302254199982
proj,1,1,-1.0397230386734,22.7491207122803,1.69067120552063,0.0497386381030083,0.00300847413018346,0.266274660825729
proj,1,1,1.08038735389709,29.8981170654297,2.24642729759216,0.0201796311885118,0.00154909305274487,0.709313154220581
proj,1,1,2.68821954727173,23.25927734375,1.58835399150848,0.0368047282099724,0.00284514226950705,0.25702378153801
proj,1,1,7.47588777542114,29.800479888916,2.52416086196899,0.0238356404006481,0.00072912807809189,1.03289830684662
proj,1,1,2.72809672355652,34.1047973632812,0.0612353757023811,0.057504877448082,0.00166787346825004,0.657353281974792
proj,1,1,-1.25856995582581,32.5058135986328,0.607293605804443,0.0141451917588711,0.00161109329201281,1.00327038764954
proj,1,1,7.49001264572144,34.9598655700684,0.000651469803415239,0.0249255038797855,0.000668447639327496,1.08621513843536
proj,1,1,-1.14836227893829,34.1406707763672,0.0591134279966354,0.040698979049921,0.00164082937408239,0.63799262046814
proj,1,1,-0.908607721328735,29.7366943359375,0.900339961051941,0.0414369888603687,0.00345865869894624,0.345597833395004
proj,1,1,12.196533203125,25.5353221893311,2.00613617897034,0.0397644191980362,0.00396173913031816,0.6089728474617
proj,1,1,-1.17050957679749,30.0249919891357,2.22569251060486,0.0157772414386272,0.0009601503261365,0.733436644077301
proj,1,1,-0.586256086826324,23.2687911987305,1.61641502380371,0.048371184617281,0.00320872711017728,0.32282492518425
proj,1,1,8.41138362884521,23.9230499267578,1.90020680427551,0.043834388256073,0.00330771273002028,0.498231649398804
proj,1,1,-1.04220187664032,24.0919437408447,1.9052882194519,0.0409588888287544,0.00336466100998223,0.50678151845932
proj,1,1,3.72624373435974,29.8328609466553,2.50341105461121,0.0349672064185143,0.000752454798202962,0.82589989900589
proj,1,1,-1.01674211025238,30.9262752532959,0.784667789936066,0.0335185900330544,0.00205916538834572,0.313087731599808
proj,1,1,6.73567056655884,34.1951560974121,0.053577583283186,0.0237258318811655,0.00143654854036868,0.605754613876343
proj,1,1,11.545672416687,30.0263080596924,2.25090980529785,0.0221745818853378,0.00084733433322981,0.755026400089264
proj,1,1,-1.1460485458374,34.8645210266113,0.00630268733948469,0.0428057536482811,0.00123224896378815,0.692909002304077
proj,1,1,9.09968090057373,33.0782699584961,1.3071836233139,0.0778650268912315,0.000780521251726896,0.812019050121307
proj,1,1,3.4652259349823,34.7872886657715,0.0180428102612495,0.034304566681385,0.00144980580080301,0.683810949325562
proj,1,1,-1.12594485282898,21.7735786437988,1.42462873458862,0.0280887223780155,0.00404191249981523,0.143992871046066
proj,1,1,7.14205646514893,29.2012233734131,3.32008075714111,0.0111530302092433,0.000750781735405326,0.822935223579407
proj,1,1,-0.377118468284607,28.9196891784668,3.60084342956543,0.0301138386130333,0.000663227925542742,1.0471738576889
proj,1,1,4.94958400726318,22.6060695648193,1.84862244129181,0.0283694844692945,0.00347544928081334,0.360737591981888
proj,1,1,0.388071626424789,32.8035926818848,0.420626372098923,0.0197329595685005,0.00189185969065875,0.575792670249939
proj,1,1,-0.535106480121613,20.7396144866943,1.78338897228241,0.0586835592985153,0.00334400497376919,0.177831023931503
proj,1,1,8.49624347686768,20.1680335998535,1.85243582725525,0.0342505499720573,0.00387691636569798,0.0702266618609428
proj,1,1,10.9795913696289,29.6025810241699,1.97126197814941,0.0543184503912926,0.00175243488047272,0.935109198093414
proj,1,1,-1.07625603675842,29.7374591827393,1.97816240787506,0.0465667098760605,0.00179149594623595,0.847890436649323
proj,1,1,8.5796594619751,30.8811798095703,5.97831106185913,0.0150087317451835,0.00180595309939235,0.873609781265259
proj,1,1,-1.10662961006165,30.8348140716553,5.16676139831543,0.00828487891703844,0.00232141511514783,1.00227785110474
proj,1,1,-1.02375602722168,30.6524333953857,2.71486115455627,0.0123145049437881,0.00107958517037332,1.0202831029892
proj,1,1,1.82929384708405,30.7980766296387,4.01351118087769,0.0126448832452297,0.0021572255063802,1.15262806415558
proj,1,1,-1.21110081672668,34.6185607910156,0.0179355181753635,0.0192056652158499,0.00066734105348587,1.07534921169281
proj,1,1,-1.16133439540863,20.8984203338623,1.8018810749054,0.0933892950415611,0.00428778398782015,0.0842117667198181
proj,1,1,-1.08031857013702,27.5060386657715,2.02306199073792,0.0389863960444927,0.00391328800469637,0.778178989887238
proj,1,1,-1.13375604152679,30.7219219207764,6.02977705001831,0.0161921847611666,0.000682299607433379,0.850253999233246
proj,1,1,-0.941256105899811,30.8017559051514,5.30594301223755,0.0249514523893595,0.00230902666226029,0.969617903232574
proj,1,1,-0.874219655990601,35.0715370178223,7.72469793446362e-05,0.0410172864794731,0.000693344918545336,1.09860348701477
proj,1,1,-1.09000611305237,34.7142944335938,0.0304425582289696,0.0980258882045746,0.00146231811959296,0.60292512178421
proj,1,1,2.91050815582275,21.0080261230469,1.8090854883194,0.102816440165043,0.0041420329362154,0.0592160895466805
proj,1,1,5.71104192733765,30.381778717041,2.40873384475708,0.078293040394783,0.00214259186759591,0.785159051418304
proj,1,1,1.12216365337372,19.492115020752,1.90061843395233,0.0313662402331829,0.00411083735525608,0.0839135646820068
proj,1,1,6.2131142616272,20.508581161499,1.89988684654236,0.0865880250930786,0.00419427128508687,0.110474191606045
proj,1,1,-0.890567421913147,25.718692779541,1.9357602596283,0.0412007570266724,0.00437360629439354,0.706468760967255
proj,1,1,-1.26596808433533,19.5404090881348,1.89506506919861,0.0301533080637455,0.00392234930768609,0.091667577624321
proj,1,1,-0.771229088306427,24.1452617645264,1.83737826347351,0.0336368381977081,0.00480993604287505,0.625743627548218
proj,1,1,11.390643119812,29.7200527191162,2.9432737827301,0.0244719330221415,0.000821492983959615,0.784077167510986
proj,1,1,4.92522478103638,29.1461162567139,3.33116745948792,0.0328170582652092,0.000663085666019469,1.04721760749817
proj,1,1,-1.08675062656403,30.8428173065186,2.30676603317261,0.0116132963448763,0.00158975145313889,1.30112981796265
proj,1,1,1.64118099212646,16.275203704834,1.03651368618011,0.0486476458609104,0.00642392924055457,0.123896420001984
proj,1,1,-0.98984032869339,34.6184577941895,0.0856515467166901,0.0188238676637411,0.00191420246846974,0.596993207931519
proj,1,1,-1.22231245040894,26.2011280059814,0.862388670444489,0.07402253895998,0.00309052388183773,0.18881644308567
proj,1,1,-0.399061053991318,19.8123531341553,1.96170401573181,0.0598743185400963,0.00366473314352334,0.0412364266812801
proj,1,1,12.4025249481201,20.2503795623779,1.91237556934357,0.0801387652754784,0.00430296035483479,0.095097117125988
proj,1,1,12.9505176544189,30.47239112854,1.60445523262024,0.0302572399377823,0.00158645818009973,1.05281817913055
proj,1,1,6.41297674179077,31.028694152832,1.05138027667999,0.0330206528306007,0.00120863236952573,1.1462150812149
proj,1,1,0.647529304027557,32.651195526123,0.491379022598267,0.0238533411175013,0.00127729680389166,1.23628091812134
proj,1,1,13.5962467193604,34.7665138244629,0.00740876933559775,0.0792140886187553,0.00131651689298451,0.655389249324799
proj,1,1,7.26624393463135,32.8401756286621,0.367079675197601,0.0132307466119528,0.00177850376348943,0.652154207229614
proj,1,1,-0.637128353118896,27.8644790649414,0.930231809616089,0.0385602973401546,0.00373167893849313,0.174740940332413
proj,1,1,1.18584740161896,30.7940006256104,2.99812293052673,0.0301953423768282,0.00166077143512666,1.32094299793243
proj,1,1,0.0711883828043938,32.4734687805176,0.636340320110321,0.0156775508075953,0.000734546571038663,1.78112399578094
proj,1,1,7.14862966537476,34.9655075073242,0.00107092689722776,0.0808784961700439,0.00132039142772555,0.666569352149963
proj,1,1,-0.942060589790344,30.3197689056396,0.686474323272705,0.0442721024155617,0.00306453532539308,0.132881358265877
proj,1,1,-1.07939338684082,30.7449531555176,2.52566051483154,0.0168395508080721,0.00158187909983099,1.25874888896942
proj,1,1,2.64656472206116,30.7177391052246,2.47190833091736,0.00795809458941221,0.00124143867287785,1.29025590419769
proj,1,1,-0.0970333442091942,30.6477661132812,2.37270665168762,0.0313482396304607,0.00129799824208021,1.03785753250122
proj,1,1,-0.707387626171112,30.7736110687256,1.20754039287567,0.105736002326012,0.00120945333037525,1.14582395553589
proj,1,1,-1.10875606536865,18.0424633026123,1.25437152385712,0.0697645097970963,0.00466366345062852,0.134658753871918
proj,1,1,0.845186054706573,29.9659690856934,5.43396806716919,0.0171401333063841,0.000658506993204355,1.04245519638062
proj,1,1,-0.820633292198181,31.5687561035156,0.59770005941391,0.00760756153613329,0.000819600885733962,0.629114747047424
proj,1,1,3.0262393951416,34.2852897644043,0.016918471083045,0.0162505768239498,0.000665497500449419,1.07480788230896
proj,1,1,3.48257851600647,35.0185852050781,5.73417019040789e-05,0.0315176844596863,0.00161451217718422,0.721564054489136
proj,1,1,-1.13750612735748,30.8544902801514,2.84464550018311,0.0294291507452726,0.00180139427538961,0.665614485740662
proj,1,1,3.09011077880859,34.9150733947754,0.000124675876577385,0.098267488181591,0.00132433336693794,0.707770645618439
proj,1,1,6.512122631073,15.7441654205322,1.05178809165955,0.0193113349378109,0.0106721706688404,0.056050218641758
proj,1,1,11.4781656265259,18.046947479248,1.9106262922287,0.0815563574433327,0.00482673477381468,0.0908233076334
proj,1,1,0.571033000946045,19.7145175933838,1.87332618236542,0.0518958754837513,0.00454331748187542,0.132808014750481
proj,1,1,11.1248502731323,25.0807723999023,1.78423047065735,0.0403237417340279,0.003333869157359,0.633102893829346
proj,1,1,-1.07281374931335,33.3906593322754,0.874197542667389,0.0414796806871891,0.000655180658213794,1.03126442432404
proj,1,1,-1.04064834117889,30.8513031005859,1.93874502182007,0.0254455376416445,0.00179435696918517,0.914427280426025
proj,1,1,-0.61779248714447,30.366039276123,1.1668004989624,0.00752440840005875,0.00146699161268771,1.14272236824036
proj,1,1,10.6591053009033,35.0221328735352,2.64367895397299e-06,0.04281260445714,0.00148593215271831,0.720653176307678
proj,1,1,6.00900983810425,35.0233573913574,2.03911940843682e-06,0.0489924587309361,0.00148461339995265,0.720686674118042
proj,1,1,5.55679082870483,20.3129901885986,1.9083468914032,0.0516417920589447,0.00413049245253205,0.244995757937431
proj,1,1,-1.09334909915924,34.3272476196289,0.0103040048852563,0.0131134837865829,0.000654848001431674,1.07352495193481
proj,1,1,9.11250305175781,34.9676780700684,0.0012586418306455,0.0440801195800304,0.00163205910939723,0.670821130275726
proj,1,1,3.62920379638672,31.0897102355957,1.82788479328156,0.0631821826100349,0.0020106085576117,1.23376679420471
proj,1,1,-0.983752071857452,29.7331504821777,5.08116054534912,0.00878554582595825,0.000658746692351997,1.04122626781464
proj,1,1,4.28674364089966,34.8753280639648,0.00419579492881894,0.0226206034421921,0.00134307250846177,0.765866160392761
proj,1,1,9.6369686126709,32.5744552612305,0.573469817638397,0.0436190813779831,0.000704961421433836,1.73925173282623
proj,1,1,3.98752903938293,34.0905494689941,0.0438983775675297,0.0174301955848932,0.000655971758533269,1.07410323619843
proj,1,1,-1.13545203208923,35.0491790771484,0,0.0357382744550705,0.000690901826601475,1.03611314296722
proj,1,1,6.88712167739868,16.1641578674316,0.832850217819214,0.0280050747096539,0.00610829377546906,0.028970405459404
proj,1,1,-0.148764163255692,22.3551692962646,1.79562211036682,0.0346812643110752,0.00328440358862281,0.468358933925629
proj,1,1,4.71072483062744,29.6895313262939,4.75678253173828,0.011243692599237,0.000655722164083272,1.03826284408569
proj,1,1,1.97687172889709,34.4334869384766,0.00588132813572884,0.00615519471466541,0.000655690499115735,1.07390236854553
proj,1,1,-0.603266716003418,19.820987701416,1.93458914756775,0.0301810838282108,0.00415787938982248,0.0378093421459198
proj,1,1,7.2723331451416,30.0615482330322,2.7557897567749,0.014895997941494,0.000635813979897648,1.03907239437103
proj,1,1,5.86792945861816,32.9804801940918,0.349432766437531,0.0736659318208694,0.00121165730524808,0.397178798913956
proj,1,1,4.41400814056396,34.4578819274902,0.00512217404320836,0.00802219100296497,0.000662855221889913,1.0763818025589
proj,1,1,6.4506139755249,35.0197334289551,0,0.0494030490517616,0.00143761863000691,0.713208854198456
proj,1,1,7.20774364471436,34.7600250244141,0.0164349805563688,0.0544080659747124,0.00148412305861712,0.620953440666199
proj,1,1,-1.02829480171204,20.2178173065186,1.90517342090607,0.0291916076093912,0.00416561169549823,0.0403658002614975
proj,1,1,-1.06821238994598,30.0670127868652,1.86965382099152,0.00587379233911633,0.00247284979559481,1.14460206031799
proj,1,1,-1.0071576833725,34.9814033508301,0.000111210625618696,0.0139260832220316,0.000666869338601828,1.09994852542877
proj,1,1,-1.01656401157379,34.8943023681641,0.00263855699449778,0.0141661074012518,0.0013283226871863,0.760090351104736
proj,1,1,4.42874050140381,34.8887023925781,0.00107489689253271,0.0339652188122272,0.00130410329438746,0.747131407260895
proj,1,1,0.544400274753571,29.251443862915,1.34067606925964,0.0724880993366241,0.00377822201699018,1.14590895175934
proj,1,1,-1.20663893222809,30.2284526824951,2.59568572044373,0.0371308103203773,0.000641287537291646,1.02112483978271
proj,1,1,3.58474493026733,30.3015975952148,3.31284475326538,0.0476341918110847,0.00117283069994301,0.975752055644989
proj,1,1,3.66410207748413,30.7440929412842,2.16596221923828,0.018409688025713,0.00107492075767368,1.27556002140045
proj,1,1,0.769899129867554,34.6286201477051,0.00164354126900434,0.0157274212688208,0.000660032732412219,1.07586658000946
proj,1,1,0.188044100999832,34.9861488342285,1.32643181132153e-05,0.0560511648654938,0.00134097819682211,0.660560607910156
proj,1,1,9.91414546966553,34.8074264526367,0.00571216782554984,0.0916062667965889,0.00113534624688327,0.688338220119476
proj,1,1,-1.29359686374664,24.0536136627197,0.729191303253174,0.0826800838112831,0.00621813489124179,0.101801633834839
proj,1,1,2.4167582988739,34.8903350830078,0.000876439560670406,0.045800194144249,0.0012594407889992,0.71380877494812
proj,1,1,3.02182555198669,32.607006072998,0.488869041204453,0.0138647323474288,0.00105374865233898,1.13719344139099
proj,1,1,-1.28679621219635,34.9574127197266,0,0.0409756563603878,0.00119275890756398,0.668625831604004
proj,1,1,11.6376848220825,34.5714263916016,0.0550028197467327,0.0342172831296921,0.00141600822098553,0.588096499443054
proj,1,1,10.4813680648804,23.2613143920898,1.63829159736633,0.0396841764450073,0.00393558433279395,0.480158060789108
proj,1,1,-1.15748226642609,31.4623565673828,1.45927774906158,0.064042404294014,0.00291415094397962,1.31699120998383
proj,1,1,3.8974552154541,28.8341083526611,3.57510018348694,0.0203999150544405,0.000680614495649934,1.04736173152924
proj,1,1,6.43649768829346,18.6109237670898,1.70113015174866,0.066771075129509,0.0049273488111794,0.148928120732307
proj,1,1,-0.763892412185669,19.7897148132324,1.85571217536926,0.0967145040631294,0.00424686307087541,0.274397283792496
proj,1,1,8.30146884918213,32.7785377502441,0.374976009130478,0.0255587846040726,0.00194477953482419,0.769820272922516
proj,1,1,-0.997820138931274,29.7567768096924,0.685381531715393,0.0406220592558384,0.00115701206959784,0.946049571037292
proj,1,1,3.60899066925049,32.629753112793,0.305541157722473,0.0310709420591593,0.0029923461843282,0.511174917221069
proj,1,1,-0.776678383350372,32.5885543823242,0.515957832336426,0.0284191239625216,0.000718634284567088,1.42798674106598
proj,1,1,-1.08000612258911,18.0453815460205,1.72212016582489,0.0567886792123318,0.0046065105125308,0.0360973328351974
proj,1,1,0.223947644233704,19.1327590942383,1.6735805273056,0.0714466571807861,0.00410002795979381,0.0388906113803387
proj,1,1,-1.11079788208008,18.3720588684082,1.65371310710907,0.0764417499303818,0.00503105763345957,0.152540296316147
proj,1,1,1.11998677253723,29.6126117706299,3.63862204551697,0.00646809255704284,0.000666696054395288,0.996587216854095
proj,1,1,0.200016617774963,30.2069320678711,0.57882297039032,0.0387729592621326,0.00433250516653061,0.577762246131897
proj,1,1,-1.10307466983795,21.0461902618408,1.76713299751282,0.0544229224324226,0.00389692303724587,0.352002173662186
proj,1,1,8.13886642456055,30.2114543914795,2.58708882331848,0.0199428163468838,0.00125405739527196,0.824914157390594
proj,1,1,-1.23575127124786,30.3719730377197,2.35505938529968,0.0285422764718533,0.00227087503299117,0.961222887039185
proj,1,1,0.445093482732773,32.7195053100586,0.327564001083374,0.0157629959285259,0.00235171103850007,0.63542252779007
proj,1,1,-0.994702696800232,32.595401763916,0.442406475543976,0.0219313520938158,0.00130403146613389,1.03563213348389
proj,1,1,-1.02675366401672,31.4551525115967,1.0079094171524,0.0434981733560562,0.000718881783541292,1.6217634677887
proj,1,1,-0.487150311470032,33.9754638671875,0.211187869310379,0.0166075024753809,0.000722830940503627,0.947624325752258
proj,1,1,-1.18933045864105,35.0796699523926,8.90455976332305e-06,0.0866817012429237,0.000671821588184685,1.13043665885925
proj,1,1,4.11675834655762,21.1148586273193,1.69101393222809,0.0599912703037262,0.00385433482006192,0.3985415995121
proj,1,1,-1.24160313606262,28.3019199371338,1.13043427467346,0.0376408919692039,0.00418866937980056,1.06294167041779
proj,1,1,8.94374370574951,34.7871894836426,0,0.0514860339462757,0.00146123056765646,0.652015030384064
proj,1,1,-1.13467919826508,32.283935546875,0.430533796548843,0.0914089009165764,0.00208416813984513,0.246961608529091
proj,1,1,-1.27662777900696,22.7979221343994,1.54001975059509,0.0506749041378498,0.00418986845761538,0.486452043056488
proj,1,1,-0.986406922340393,23.50439453125,1.48656678199768,0.058696560561657,0.00398693978786469,0.520348846912384
proj,1,1,0.150951817631721,30.8915462493896,2.14060831069946,0.0734708160161972,0.00186541501898319,1.06396913528442
proj,1,1,-1.16625607013702,29.5351676940918,2.7950747013092,0.0104498714208603,0.000721872958820313,0.830605745315552
proj,1,1,11.6308221817017,28.8128814697266,1.0963226556778,0.0180779043585062,0.00186444842256606,0.995469987392426
proj,1,1,1.49785590171814,31.8107681274414,0.931798875331879,0.0311420150101185,0.000728233717381954,1.78158891201019
proj,1,1,-1.04922890663147,29.5586795806885,2.62758946418762,0.019438898190856,0.000785581243690103,0.803499102592468
proj,1,1,-0.785541534423828,34.6982192993164,0,0.0282405782490969,0.00131847546435893,0.63591206073761
proj,1,1,-1.18336808681488,34.7274513244629,0.0029249731451273,0.034982830286026,0.000657977070659399,1.03601336479187
proj,1,1,-0.70499724149704,34.7115211486816,0,0.0696161463856697,0.0015549537492916,0.700705468654633
proj,1,1,7.32749366760254,35.0174179077148,7.53214917494915e-05,0.0451879650354385,0.000652477145195007,1.10318100452423
proj,1,1,-0.823756098747253,35.1016311645508,4.84742076878319e-06,0.0570309236645699,0.000671734916977584,1.13580918312073
proj,1,1,3.63350939750671,32.4496917724609,0.359592318534851,0.0405119098722935,0.00189170113299042,0.266683906316757
proj,1,1,-0.809294641017914,32.4428863525391,0.392998844385147,0.0298062358051538,0.0018780967220664,0.485893040895462
proj,1,1,-1.25492703914642,32.7425994873047,0.234837561845779,0.0140078673139215,0.00107291084714234,1.08077549934387
proj,1,1,10.0690412521362,34.1011772155762,0.127790659666061,0.0121185379102826,0.00166152522433549,0.577731728553772
proj,1,1,-0.888095378875732,31.7060928344727,1.1152355670929,0.116278722882271,0.00280507584102452,1.23116910457611
proj,1,1,-0.853528499603271,29.6133365631104,2.07984137535095,0.0548806004226208,0.00175882433541119,0.873322486877441
proj,1,1,-0.965979516506195,30.084005355835,0.90675163269043,0.0262332241982222,0.00157081626821309,1.10803318023682
proj,1,1,1.26175653934479,30.5505084991455,2.03765487670898,0.104347586631775,0.00208645919337869,0.917321085929871
proj,1,1,0.112168550491333,34.076831817627,0.115413911640644,0.0183569956570864,0.00166850257664919,0.576611280441284
proj,1,1,5.05910348892212,34.7136497497559,0.00804559793323278,0.0525639764964581,0.00121529190801084,0.572977006435394
proj,1,1,0.121086798608303,30.3487491607666,1.49672985076904,0.0301852375268936,0.00208889436908066,1.00336968898773
proj,1,1,3.39037466049194,32.6069068908691,0.752170741558075,0.0192534904927015,0.00125187053345144,0.798425853252411
proj,1,1,-0.295601427555084,34.5361785888672,0.0357905738055706,0.0187853761017323,0.0014545158483088,0.591495752334595
proj,1,1,1.99922168254852,29.0639724731445,2.09153604507446,0.0215284861624241,0.000845130532979965,0.786906123161316
proj,1,1,-1.3270423412323,34.8907089233398,0.000947281194385141,0.0160569362342358,0.000668422784656286,0.994328200817108
proj,1,1,6.21828842163086,25.0518131256104,0.593305110931396,0.0746251344680786,0.00704566808417439,0.090380422770977
proj,1,1,-1.04376840591431,19.0433692932129,1.58522021770477,0.0758382603526115,0.00546224368736148,0.314839452505112
proj,1,1,0.474370419979095,27.2966651916504,1.94356977939606,0.071240596473217,0.00179835653398186,0.922728955745697
proj,1,1,9.14403247833252,32.7677230834961,0.200405806303024,0.0394438430666924,0.00102397776208818,0.808922946453094
proj,1,1,-1.08453595638275,34.1547775268555,0,0.095760352909565,0.000746386009268463,0.431533336639404
proj,1,1,-0.956930339336395,30.9551944732666,0.863467574119568,0.0800467804074287,0.00089079572353512,1.0280350446701
proj,1,1,-1.19019734859467,28.9933338165283,1.88862192630768,0.0756755620241165,0.00108308694325387,0.974389970302582
proj,1,1,-1.02641272544861,24.9238929748535,0.572488784790039,0.0707453340291977,0.0070102852769196,0.088917575776577
proj,1,1,-0.857357144355774,28.8905391693115,1.82434785366058,0.0812470391392708,0.00154222594574094,0.921594738960266
proj,1,1,-1.00984227657318,26.0800743103027,1.82479465007782,0.0627434179186821,0.00261243339627981,0.664688527584076
proj,1,1,-1.11202049255371,33.6528701782227,0.144212603569031,0.042979896068573,0.00183327705599368,0.539648175239563
proj,1,1,-0.975476384162903,28.0088996887207,1.76336205005646,0.155236631631851,0.0015879514394328,0.909990727901459
proj,1,1,4.36857128143311,26.684944152832,1.74218010902405,0.0867606177926064,0.00134879257529974,0.951117932796478
proj,1,1,5.85487842559814,35.1397819519043,0,0.0791906863451004,0.000670568842906505,1.13180887699127
proj,1,1,-1.17400813102722,32.4013481140137,0.562908172607422,0.157581865787506,0.00239593163132668,0.884986340999603
proj,1,1,4.11789274215698,32.8568954467773,0.196603551506996,0.046859510242939,0.00187632802408189,0.461005866527557
proj,1,1,-0.351776152849197,32.216983795166,0.397282600402832,0.0664523988962173,0.00186773133464158,0.255934238433838
proj,1,1,11.6581144332886,24.9456062316895,0.563557267189026,0.0777748227119446,0.00703506823629141,0.0874065086245537
proj,1,1,-1.08078730106354,24.9422721862793,0.563687205314636,0.086949922144413,0.0070282956585288,0.0870573595166206
proj,1,1,-0.879988253116608,31.7571029663086,0.548071205615997,0.0978856608271599,0.00257392297498882,1.18348133563995
proj,1,1,8.33035373687744,29.8532752990723,0.931573688983917,0.0408784076571465,0.00155159970745444,0.63427996635437
proj,1,1,-1.29125607013702,34.0596694946289,0.112344816327095,0.0136901261284947,0.000802336842752993,0.947707056999207
proj,1,1,2.30836129188538,30.0597820281982,0.472273588180542,0.18928399682045,0.00220962939783931,0.645213425159454
proj,1,1,6.39457750320435,35.1586799621582,0,0.0964174568653107,0.000651046691928059,1.13103878498077
proj,1,1,9.9652624130249,27.4584331512451,0.82465785741806,0.0132333105430007,0.00268089422024786,0.554954051971436
proj,1,1,-1.10000610351562,34.553279876709,0,0.140277937054634,0.000836672494187951,0.681635022163391
proj,1,1,-1.07844758033752,34.2455749511719,1.08240851659502e-06,0.0231665223836899,0.00144623289816082,0.492025345563889
proj,1,1,2.35149812698364,31.9205455780029,0.481456577777863,0.0502944067120552,0.00361333158798516,0.14031583070755
proj,1,1,4.80486154556274,28.264274597168,0.495988398790359,0.0168752614408731,0.00220988341607153,0.761146366596222
proj,1,1,-1.21539998054504,27.5999660491943,0.812658309936523,0.00833823066204786,0.0041676894761622,0.477760642766953
proj,1,1,-0.877049326896667,35.0933609008789,1.13160773196341e-07,0.0264297965914011,0.000656952732242644,1.13446593284607
proj,1,1,5.54238939285278,34.9579391479492,0,0.0481525026261806,0.00067173334537074,1.127436876297
proj,1,1,-1.14030945301056,21.0241527557373,0.877932786941528,0.0179765820503235,0.00423397030681372,0.505714118480682
proj,1,1,9.04572105407715,29.0746898651123,0.690179705619812,0.0343982726335526,0.00174426182638854,0.927770018577576
proj,1,1,6.93043184280396,30.7030239105225,0.482940375804901,0.0304352976381779,0.00248880521394312,0.830506443977356
proj,1,1,-0.95875608921051,34.5635528564453,0.0129279671236873,0.0336687527596951,0.000779915717430413,0.985658764839172
proj,1,1,13.2541837692261,34.0509490966797,0,0.035235196352005,0.000845769536681473,0.669346392154694
proj,1,1,-1.02744519710541,31.4719734191895,0.511831939220428,0.0472946390509605,0.0049637476913631,0.0634355694055557
proj,1,1,0.527891516685486,35.1458320617676,0,0.115298382937908,0.000652526679914445,1.13118696212769
proj,1,1,11.2448015213013,33.1128349304199,0.0672260597348213,0.0285950545221567,0.00141893688123673,0.440734088420868
proj,1,1,0.912127017974854,30.456693649292,0.476034939289093,0.0259617604315281,0.00235602981410921,0.6601442694664
proj,1,1,-0.553155779838562,24.2824001312256,0.659957945346832,0.0403330139815807,0.00947128050029278,0.0661597400903702
proj,1,1,11.2947130203247,28.3782596588135,0.994707822799683,0.00900276657193899,0.00134723063092679,1.10830199718475
proj,1,1,1.16749382019043,32.9114303588867,0.260278016328812,0.0247585996985435,0.00141451088711619,0.865594685077667
proj,1,1,-1.26545751094818,30.1173858642578,0.437916696071625,0.0348524823784828,0.00298354914411902,0.610263586044312
proj,1,1,10.2904109954834,32.0722312927246,0.64106696844101,0.031440045684576,0.000841019733343273,1.73683547973633
proj,1,1,2.95233178138733,33.8197326660156,0.00912515819072723,0.0188559107482433,0.00146943109575659,0.42656734585762
proj,1,1,-1.10634338855743,32.5688209533691,0.12434808164835,0.0286262165755033,0.00138259644154459,0.49362576007843
proj,1,1,3.7700514793396,26.1748886108398,0.316855847835541,0.0409062132239342,0.00683264806866646,0.0924888700246811
proj,1,1,-1.13802099227905,24.2436695098877,0.436990886926651,0.0881860330700874,0.00240519572980702,0.510552585124969
proj,1,1,-1.19250977039337,34.8275375366211,0,0.0695123076438904,0.000676235242281109,1.04894852638245
proj,1,1,7.48999357223511,31.662727355957,0.293723851442337,0.065456323325634,0.00171774229966104,0.812691628932953
proj,1,1,-1.15219449996948,30.9133014678955,0.655501186847687,0.0387964211404324,0.00254546315409243,0.612662434577942
proj,1,1,-0.0255202110856771,32.8755874633789,0.239451989531517,0.0521128326654434,0.00118697551079094,0.843543946743011
proj,1,1,-1.15034627914429,33.2168922424316,0.227988228201866,0.0402225442230701,0.000948433531448245,0.952474534511566
proj,1,1,1.73249387741089,31.6584224700928,0.0866021513938904,0.0267480611801147,0.00242767389863729,0.367865204811096
proj,1,1,7.3235878944397,32.3458557128906,0.0829279869794846,0.0492253378033638,0.0019700569100678,0.181097522377968
proj,1,1,6.42246103286743,31.8885860443115,0.581079363822937,0.0463823862373829,0.000825354771222919,1.35250306129456
proj,1,1,-1.14114165306091,34.0367889404297,0,0.0749702155590057,0.00101049256045371,0.710008144378662
proj,1,1,-1.24828362464905,34.1275177001953,0.00030255175079219,0.0534847155213356,0.00103123823646456,0.798878848552704
proj,1,1,2.7969856262207,30.2605209350586,0.888841032981873,0.104075156152248,0.00197023176588118,1.08898401260376
proj,1,1,0.214993894100189,33.3254508972168,0.084768146276474,0.14961664378643,0.000948332890402526,0.375505059957504
proj,1,1,-0.985823929309845,35.1598625183105,0,0.0432375967502594,0.000793556857388467,1.07083380222321
proj,1,1,-0.235007405281067,34.1179504394531,0,0.0391798317432404,0.00153519597370178,0.678233206272125
proj,1,1,-1.11542987823486,32.0152282714844,0.456481635570526,0.0237366203218699,0.000880358624272048,1.27874040603638
proj,1,1,0.780775845050812,34.3763236999512,1.68664118973538e-05,0.040787048637867,0.000983774662017822,0.775188565254211
proj,1,1,-1.33853495121002,34.8020095825195,0.000296652695396915,0.176245495676994,0.000894880329724401,0.769582688808441
proj,1,1,8.38912963867188,27.2043762207031,0.066251128911972,0.02721793577075,0.00128213153220713,0.589612185955048
proj,1,1,8.28386306762695,31.6687984466553,0.211966514587402,0.136210724711418,0.000573150347918272,0.423129916191101
proj,1,1,-0.941231846809387,32.9686660766602,0.0196217056363821,0.0946820974349976,0.00107187766116112,0.792803287506104
proj,1,1,7.24739074707031,34.342830657959,2.2284370061243e-05,0.0340158455073833,0.000905987108126283,0.675544261932373
proj,1,1,-0.965233385562897,34.4806632995605,2.56264902418479e-05,0.107240036129951,0.00109102472197264,0.771843552589417
proj,1,1,-1.14793193340302,34.0384864807129,0,0.0418710187077522,0.000832549238111824,0.745308339595795
proj,1,1,-1.10000610351562,34.9513931274414,0,0.0167710278183222,0.000654868839774281,1.13378512859344
proj,1,1,-1.249596118927,31.6526718139648,0.204326927661896,0.133522301912308,0.000572909717448056,0.421662032604218
proj,1,1,10.4092302322388,28.3892383575439,0.0711794793605804,0.0086792204529047,0.00206577079370618,0.735056042671204
proj,1,1,9.75407314300537,34.4727249145508,1.70660059666261e-05,0.0316557250916958,0.00113480852451175,0.7459676861763
proj,1,1,-1.21970903873444,33.1960601806641,0.058872252702713,0.0894128009676933,0.00130612938664854,0.786642730236053
proj,1,1,-0.193766847252846,35.0518989562988,0,0.0318876355886459,0.000771560007706285,0.949181795120239
proj,1,1,4.18270015716553,29.6337108612061,0.0840777084231377,0.0502301864326,0.00200140965171158,0.135749757289886
proj,1,1,-0.441149026155472,34.9192008972168,0.000169852355611511,0.150183737277985,0.000794293126091361,0.874784111976624
proj,1,1,7.09810638427734,34.2972717285156,1.55274501594249e-05,0.00950663536787033,0.000942781276535243,0.789183795452118
proj,1,1,3.9973509311676,32.4157524108887,0.309441298246384,0.0330922864377499,0.00119640852790326,0.953293859958649
proj,1,1,6.24678468704224,29.1251773834229,0.55085551738739,0.0122357634827495,0.00432658242061734,0.479232400655746
proj,1,1,-1.2265852689743,31.2054138183594,0.296858847141266,0.00468001002445817,0.000753439380787313,1.42305016517639
proj,1,1,8.05819416046143,34.4607887268066,6.03966545895673e-05,0.444005399942398,0.000743649085052311,0.908610999584198
proj,1,1,4.69837331771851,34.6178283691406,3.80364435841329e-05,0.436813324689865,0.000755259126890451,0.949702799320221
proj,1,1,4.16695117950439,34.9521713256836,0,0.0436971895396709,0.000788928300607949,0.904489934444427
proj,1,1,6.3735089302063,29.1120872497559,0.0715310722589493,0.0140020307153463,0.00299486168660223,0.858602523803711
proj,1,1,8.64002799987793,34.6119270324707,6.31630391580984e-05,0.0588174499571323,0.00203562527894974,0.343054056167603
proj,1,1,-1.07567501068115,31.85178565979,0.563575208187103,0.0370335020124912,0.00123148458078504,0.86455637216568
proj,1,1,-0.958710551261902,34.9735870361328,0,0.0210796222090721,0.000652195070870221,1.12445282936096
proj,1,1,-0.918415069580078,29.1636905670166,0.0774030834436417,0.03166414052248,0.00207565259188414,0.66008985042572
proj,1,1,-1.03000605106354,34.7577171325684,4.88063335524203e-07,0.0386321097612381,0.00064982078038156,1.12118411064148
proj,1,1,-0.746133387088776,34.5727424621582,3.5949472021457e-06,0.112641558051109,0.000845848757307976,0.778663814067841
proj,1,1,0.742035865783691,32.4782752990723,0.197334140539169,0.169493913650513,0.00208925968036056,1.68292450904846
proj,1,1,-0.991357207298279,35.0588340759277,0,0.0376840196549892,0.00065654277568683,1.11947309970856
proj,1,1,4.76426124572754,35.1199226379395,0,0.0363654009997845,0.000655754818581045,1.10457038879395
proj,1,1,10.1517915725708,32.4796905517578,0.193725898861885,0.127921789884567,0.00207756971940398,1.70646643638611
proj,1,1,4.58442258834839,35.0642471313477,0,0.0384415350854397,0.000723883393220603,1.02483558654785
proj,1,1,-1.20250606536865,32.4594535827637,0.187279090285301,0.102185726165771,0.00221027643419802,1.6992666721344
proj,1,1,-0.698136270046234,34.7776565551758,0,0.0155689986422658,0.000655747251585126,1.13120889663696
proj,1,1,-1.25024998188019,32.2483062744141,0.0525710172951221,0.363090217113495,0.000824675604235381,0.429149150848389
proj,1,1,-1.04146075248718,32.3962097167969,0.2792908847332,0.0811299905180931,0.00308434991165996,0.551061630249023
proj,1,1,-1.10672628879547,31.7093963623047,0.419306427240372,0.0275193881243467,0.00225773453712463,1.01323735713959
proj,1,1,1.02666783332825,35.0987815856934,0,0.0393884181976318,0.000722201424650848,1.06563067436218
proj,1,1,-0.783407986164093,34.8369178771973,0,0.0132739311084151,0.000656433112453669,1.13154280185699
proj,1,1,4.52403020858765,32.1755638122559,0.179262802004814,0.0749489665031433,0.0023362326901406,1.59619057178497
proj,1,1,2.45570874214172,31.2058753967285,0.319837808609009,0.0202203933149576,0.00197932636365294,0.841771423816681
proj,1,1,0.500312685966492,32.1769981384277,0.382202237844467,0.0858434215188026,0.00113363738637418,0.833611488342285
proj,1,1,-1.23371148109436,33.7302665710449,0.0337066277861595,0.0608087107539177,0.000695994065608829,0.908580660820007
proj,1,1,-1.10523521900177,34.4200286865234,0,0.0726954936981201,0.0010347452480346,0.689098298549652
proj,1,1,4.16129350662231,22.7569217681885,0.201459139585495,0.0336139388382435,0.00618049781769514,0.505010187625885
proj,1,1,0.423217564821243,35.1468467712402,0,0.0456132031977177,0.000666458974592388,1.0850955247879
proj,1,1,-1.0883047580719,31.1282768249512,0.293341100215912,0.0148048615083098,0.00196904735639691,0.843064427375793
proj,1,1,-1.35395431518555,35.0520286560059,0,0.0550431720912457,0.000750395760405809,1.01191759109497
proj,1,1,-1.10113334655762,22.2065010070801,0.194507092237473,0.0504637956619263,0.00603727577254176,0.410322427749634
proj,1,1,-1.1023383140564,30.4340114593506,0.417840510606766,0.150000914931297,0.00344418571330607,0.892305314540863
proj,1,1,-1.24941599369049,35.0431976318359,0,0.0246139839291573,0.000711541739292443,1.04056119918823
proj,1,1,3.69600033760071,32.2939186096191,0.161096766591072,0.257212489843369,0.00160341744776815,1.74258613586426
proj,1,1,-0.735370516777039,31.2611846923828,0.21123318374157,0.0644257664680481,0.00248009292408824,1.03571546077728
proj,1,1,10.9535360336304,35.2195701599121,0,0.0812272578477859,0.000817406980786473,0.8071368932724
proj,1,1,-0.851853549480438,35.2263259887695,0,0.0518971383571625,0.000817682477645576,0.919500112533569
proj,1,1,-0.907622039318085,35.0234565734863,0,0.0275326110422611,0.000688496103975922,1.0999253988266
proj,1,1,-1.14082252979279,31.6554088592529,0.443637728691101,0.0714338272809982,0.00102935626637191,0.793271899223328
proj,1,1,6.82515144348145,35.1952514648438,0,0.0789764374494553,0.00067972217220813,1.06242489814758
proj,1,1,6.13508367538452,35.0188369750977,0,0.0338827297091484,0.000691104505676776,1.06732642650604
proj,1,1,-0.541635572910309,35.2285232543945,0,0.0564523376524448,0.000712690234649926,1.08650994300842
proj,1,1,-0.96156769990921,24.7051067352295,0.269392758607864,0.0456856749951839,0.00290847546420991,1.05716609954834
proj,1,1,4.76412630081177,34.9884834289551,0,0.0285832844674587,0.000685950159095228,1.10607767105103
proj,1,1,-0.936765670776367,35.0120582580566,0,0.045083399862051,0.000690898101311177,1.06942105293274
proj,1,1,-0.711911797523499,35.2592887878418,0,0.0373748391866684,0.0007065050303936,0.704931437969208
proj,1,1,-0.618067145347595,35.2722358703613,0,0.210601836442947,0.00075745617505163,0.975421249866486
proj,1,1,-0.937109649181366,30.8076610565186,0.459512621164322,0.0218674931675196,0.00243252166546881,1.13021886348724
proj,1,1,4.25110530853271,30.7650928497314,0.461466372013092,0.0216468162834644,0.00237816898152232,1.12231481075287
proj,1,1,-1.03616142272949,32.1582641601562,0.379544466733932,0.0560043975710869,0.00106209830846637,0.84946995973587
proj,1,1,9.07122707366943,34.9564094543457,0,0.0341130793094635,0.000695669965352863,1.15906190872192
proj,1,1,5.38066339492798,24.0247955322266,0.282067179679871,0.0140966316685081,0.00220715999603271,2.2488067150116
proj,1,1,-0.939402639865875,32.6365509033203,0.119732484221458,0.0966737493872643,0.00092158216284588,1.82588720321655
proj,1,1,-0.850912570953369,31.8639392852783,0.404096364974976,0.0394321568310261,0.00256810942664742,1.0222156047821
proj,1,1,-1.108314037323,34.9370460510254,6.02356777790192e-08,0.0482569523155689,0.000677545729558915,1.13273394107819
proj,1,1,-0.676623404026031,32.2497367858887,0.109404243528843,0.0447584725916386,0.00169443490449339,1.77152943611145
proj,1,1,-0.886132478713989,32.2111167907715,0.114596791565418,0.0565563254058361,0.00172497297171503,1.69484293460846
proj,1,1,9.40340328216553,31.9856719970703,0.130543306469917,0.024385130032897,0.00191760249435902,1.6037585735321
proj,1,1,-1.16695737838745,28.6985321044922,0.164461463689804,0.0696733742952347,0.00339638371951878,0.611465334892273
proj,1,1,-0.950006067752838,27.8314609527588,0.159607425332069,0.118272475898266,0.00414398591965437,0.548395395278931
proj,1,1,-0.0262561030685902,31.834623336792,0.410062491893768,0.0207271762192249,0.00263236509636045,1.06580626964569
proj,1,1,-0.913110852241516,35.2741775512695,0,0.0749721974134445,0.000715167261660099,0.716199040412903
proj,1,1,-0.288271546363831,31.2551231384277,0.414037197828293,0.0371347330510616,0.00310534425079823,1.26252472400665
proj,1,1,-0.295798093080521,31.3492088317871,0.400289088487625,0.0177023578435183,0.00234643975272775,0.925087869167328
proj,1,1,-1.07990086078644,34.9450721740723,0,0.0344351157546043,0.000683997932355851,1.12122976779938
proj,1,1,-1.20415711402893,27.7903461456299,0.13280300796032,0.018216336145997,0.00252443784847856,0.842837691307068
proj,1,1,-0.975042164325714,34.1795234680176,0.0102361598983407,0.0561048276722431,0.000658440229017287,1.03962230682373
proj,1,1,-1.02516222000122,32.6011047363281,0.0447094589471817,0.0240938439965248,0.00135438633151352,2.11406421661377
proj,1,1,-0.799669802188873,31.5708141326904,0.123730301856995,0.0625572949647903,0.00212342943996191,1.20805203914642
proj,1,1,-1.09422481060028,31.3881092071533,0.414636522531509,0.0143217304721475,0.00256748287938535,1.21097612380981
proj,1,1,1.11449444293976,30.534574508667,0.377052068710327,0.0244954414665699,0.002522605471313,1.22706639766693
proj,1,1,9.33864498138428,32.6364555358887,0.190104112029076,0.0452682413160801,0.000894895580131561,0.841302573680878
proj,1,1,-1.21783494949341,32.8712310791016,0.0207412727177143,0.0212012231349945,0.000627958273980767,3.13448047637939
proj,1,1,-1.20375609397888,30.9589748382568,0,0.0659863650798798,0.000740090850740671,1.7892290353775
proj,1,1,6.32456159591675,34.4533805847168,0.00024417633539997,0.0820117369294167,0.000666355830617249,1.14756464958191
proj,1,1,2.40573358535767,33.6392555236816,0.00019392445392441,0.259887546300888,0.000706747639924288,0.754813611507416
proj,1,1,-1.10375607013702,31.477502822876,0.119064658880234,0.0458618700504303,0.00189452327322215,1.11524677276611
proj,1,1,-0.954870522022247,29.3059043884277,0.317045778036118,0.0254941750317812,0.00126313872169703,0.819104194641113
proj,1,1,-0.753417074680328,31.770938873291,0.353190630674362,0.0191092696040869,0.00263848574832082,1.32076513767242
proj,1,1,2.29093933105469,31.9903011322021,0.224061325192451,0.0339408032596111,0.000966432853601873,0.821017801761627
proj,1,1,2.91660857200623,31.4931755065918,0.387980043888092,0.0224522110074759,0.00240863091312349,1.23945140838623
proj,1,1,3.63634991645813,27.9041004180908,0.354420512914658,0.0598061606287956,0.0012662512017414,0.7281773686409
proj,1,1,4.88535165786743,28.0330257415771,0.432292133569717,0.0552391558885574,0.00268060341477394,1.25360560417175
proj,1,1,1.52270603179932,32.8951530456543,0.00436445046216249,0.0215839464217424,0.000638909870758653,3.06650185585022
proj,1,1,0.648764848709106,31.2185955047607,0.43301323056221,0.0345075875520706,0.00291534932330251,0.945103645324707
proj,1,1,-1.00260555744171,32.4426612854004,0.0394739508628845,0.0276411734521389,0.00164742593187839,1.66605484485626
proj,1,1,-0.516256093978882,31.6045017242432,1.95012421499996e-06,0.0928225964307785,0.00133745919447392,1.23152458667755
proj,1,1,3.4600133895874,22.6154479980469,0.323865443468094,0.0350868031382561,0.00164044497068971,0.79191517829895
proj,1,1,5.37615537643433,34.568920135498,3.65177074854728e-05,0.0958546623587608,0.000665746279992163,1.16966533660889
proj,1,1,-1.13078427314758,31.7067337036133,0.429230570793152,0.018122585490346,0.00237923162057996,1.20690703392029
proj,1,1,-1.36965024471283,27.4991817474365,0.401182115077972,0.02168252132833,0.00271533778868616,1.31824386119843
proj,1,1,-0.197846278548241,31.7859497070312,0.381506443023682,0.0228646136820316,0.00262219039723277,1.25992476940155
proj,1,1,-0.948649287223816,31.773365020752,0.426118612289429,0.0325544476509094,0.00266817980445921,1.06262707710266
proj,1,1,-0.888279020786285,34.7560997009277,4.08457453886513e-05,0.0435138531029224,0.000659003097098321,1.15663266181946
proj,1,1,8.91735935211182,32.9620628356934,0.00155181100126356,0.0411275178194046,0.000642872415482998,3.0183219909668
proj,1,1,-1.24297893047333,29.6122093200684,0.039400614798069,0.0801984146237373,0.0019697705283761,0.785878956317902
proj,1,1,3.71120405197144,34.5901908874512,2.89943491225131e-05,0.107741236686707,0.000664890510961413,1.17614555358887
proj,1,1,1.26900839805603,34.6387901306152,1.4886186363583e-05,0.0918719545006752,0.00065407418878749,1.12572920322418
proj,1,1,5.029221534729,33.0505523681641,0.00015760085079819,0.0677412822842598,0.000663662096485496,3.06807994842529
proj,1,1,3.59468054771423,34.786979675293,1.26203312902362e-05,0.0297568384557962,0.000677098636515439,1.1821916103363
proj,1,1,-1.0483113527298,25.7889595031738,0.432466328144073,0.0117274802178144,0.00242658797651529,1.18313694000244
proj,1,1,-1.10208213329315,34.5924110412598,2.9106549845892e-05,0.107887960970402,0.000661034893710166,1.19622838497162
proj,1,1,3.38631129264832,34.6674728393555,1.41906803037273e-05,0.0467768236994743,0.000660869816783816,1.179612159729
proj,1,1,-1.31952297687531,34.5331230163574,0.000270592630840838,0.106155946850777,0.000662143691442907,1.16406524181366
proj,1,1,-1.11447727680206,32.8896141052246,0.0885446518659592,0.125049740076065,0.000742577074561268,0.852786421775818
proj,1,1,-1.29392182826996,34.4958229064941,0.000384705956093967,0.0678291842341423,0.000657561700791121,1.14911019802094
proj,1,1,6.0028133392334,32.8271255493164,0.000290016090730205,0.00821503344923258,0.000631692528259009,3.07175517082214
proj,1,1,-0.889324069023132,31.9691562652588,0.0178342070430517,0.025814164429903,0.00167801615316421,1.31965601444244
proj,1,1,-1.09266245365143,33.0082015991211,0.000155046654981561,0.0234478153288364,0.00063847767887637,3.19620275497437
proj,1,1,-1.04553246498108,31.2828063964844,0.392444550991058,0.0361790023744106,0.00267520127817988,1.23298633098602
proj,1,1,8.83124351501465,30.1953773498535,0.326258540153503,0.0303450170904398,0.00282211601734161,1.29528999328613
proj,1,1,-0.897487044334412,27.6485462188721,0.433080971240997,0.00976553093641996,0.00173753371927887,1.09591710567474
proj,1,1,-0.815306067466736,32.0414695739746,0.00949015375226736,0.039241835474968,0.00161374849267304,1.30589246749878
proj,1,1,13.7319459915161,31.0995082855225,0.405970126390457,0.020973538979888,0.00254477490670979,1.29188454151154
proj,1,1,-1.02009046077728,33.0298881530762,3.0259243430919e-05,0.0820284113287926,0.000663582002744079,3.06935167312622
proj,1,1,-1.11214983463287,28.4571323394775,0.417403846979141,0.00627628294751048,0.00292596477083862,1.33867609500885
proj,1,1,2.61557793617249,34.5645942687988,3.43592146236915e-05,0.0953897461295128,0.00066071143373847,1.19660103321075
proj,1,1,-1.06979894638062,32.8111877441406,2.3722412151983e-05,0.0273193847388029,0.000640775891952217,3.06643438339233
proj,1,1,1.94585263729095,34.5317344665527,2.58929230767535e-05,0.0618513077497482,0.000657942204270512,1.19832932949066
proj,1,1,-1.19875609874725,32.9748229980469,7.68978497944772e-06,0.0870036855340004,0.000648964778520167,3.0649790763855
proj,1,1,1.08975875377655,32.0771827697754,0.000801383866928518,0.0314152836799622,0.00157496228348464,1.26693880558014
proj,1,1,-1.30259430408478,26.4640884399414,0.472009181976318,0.0246893186122179,0.00238988501951098,1.0676017999649
proj,1,1,-1.18915724754333,32.2404365539551,0.000130218788399361,0.0215883404016495,0.00154898688197136,1.56298434734344
proj,1,1,-0.36500608921051,28.2112045288086,0.585636913776398,0.112163513898849,0.00207476248033345,0.558363854885101
proj,1,1,3.42069315910339,32.9670333862305,1.04148602986243e-06,0.0782551169395447,0.000651396228931844,3.0660126209259
proj,1,1,2.98243236541748,31.8647956848145,2.90360439976212e-05,0.0464292764663696,0.000671277579385787,1.90067577362061
proj,1,1,10.4740552902222,32.9515228271484,8.67355083755683e-06,0.0207717400044203,0.000637728895526379,3.01464176177979
proj,1,1,-0.46339824795723,32.5500793457031,0,0.0243829190731049,0.000691506080329418,3.23574757575989
proj,1,1,0.180496647953987,32.9199562072754,0,0.0639838129281998,0.000666737731080502,3.07416486740112
proj,1,1,0.600002110004425,30.202730178833,0.135207042098045,0.0747152119874954,0.000887952162884176,0.628008484840393
proj,1,1,11.7814884185791,20.9356555938721,0.511920511722565,0.0820019990205765,0.00260961707681417,0.404171884059906
proj,1,1,-0.221256092190742,32.8906707763672,0,0.0359524637460709,0.000649004417937249,3.06850576400757
proj,1,1,13.4053802490234,32.8805122375488,0,0.0377872809767723,0.000555630947928876,2.11221289634705
proj,1,1,7.63578081130981,32.9104461669922,0,0.0195542629808187,0.000755524204578251,2.89140558242798
